num crossings	time (s)	maj axis (mm)	min axis (mm)	theta (rad )	slope (V/s)
3119	4507.228902	92.272556	9.560486	1.602448	20.052478
3121	4509.306911	92.161013	9.278072	1.601420	19.526219
3123	4511.382556	91.102544	9.388038	1.598720	20.009311
3125	4513.458838	100.511282	-8.698877	1.568577	20.027223
3127	4515.535262	99.706711	-5.440242	1.553200	19.378412
3129	4517.612654	91.433364	9.131080	1.591415	20.583809
3131	4519.689678	90.703285	9.238093	1.590150	19.573978
3133	4521.768106	91.684281	9.154569	1.589726	20.239619
3135	4523.846005	102.875285	-8.999460	1.545647	20.270336
3137	4525.925239	98.623029	-5.626514	1.538669	19.102921
3139	4528.001539	90.473441	9.196872	1.583376	20.281658
3141	4530.077037	89.888218	9.197173	1.581910	19.226111
3143	4532.152472	90.508622	8.783667	1.586036	20.245027
3145	4534.229548	89.494509	9.382001	1.585473	20.163836
3147	4536.309839	90.140096	9.204752	1.577783	19.637469
3149	4538.388836	89.370890	9.244439	1.575589	19.399807
3151	4540.463348	90.142712	8.737060	1.573891	19.562769
3153	4542.539070	89.296130	8.681765	1.576984	18.885642
3155	4544.616356	89.668774	8.780858	1.574420	19.349624
3157	4546.696003	89.485054	8.837086	1.570356	19.668768
3159	4548.775187	89.920796	8.948680	1.569080	18.793246
3161	4550.852145	89.270248	8.762566	1.566223	19.755972
3163	4552.927980	89.417578	8.673869	1.565809	18.806495
3165	4555.004268	88.689082	8.678038	1.561000	19.634150
3167	4557.080483	89.240124	8.394715	1.564668	19.227867
3169	4559.157900	88.536622	8.491856	1.563805	18.748573
3171	4561.234819	94.983720	-8.735833	1.526444	18.994899
3173	4563.312669	88.272153	8.545836	1.560165	18.915940
3175	4565.390562	88.133880	8.628337	1.556294	18.783447
3177	4567.469223	88.702206	8.567154	1.555312	18.961051
3179	4569.547607	96.969209	-8.051420	1.499009	18.418427
3181	4571.624890	94.658333	-5.188149	1.504303	18.615034
3183	4573.700707	87.817378	8.576422	1.549749	18.330312
3185	4575.775784	88.617084	8.048624	1.545211	18.092307
3187	4577.852251	87.348783	8.103023	1.545003	18.654947
3189	4579.930968	93.827620	-8.186315	1.511117	18.589193
3191	4582.010596	93.694307	-8.211387	1.509990	18.834243
3193	4584.088456	86.962019	8.334039	1.542704	18.215592
3195	4586.164398	87.527443	7.935115	1.538866	18.862529
3197	4588.239568	86.764482	8.018748	1.534677	18.145283
3199	4590.315768	86.908331	7.951837	1.533546	18.395433
3201	4592.393168	85.766303	8.075205	1.535197	18.160092
3203	4594.470944	85.191318	8.072192	1.532890	18.163188
3205	4596.549145	86.101933	8.034292	1.533356	17.966928
3207	4598.627257	93.117157	-8.118275	1.490536	18.014295
3209	4600.704606	92.900367	-7.826239	1.494302	18.053129
3211	4602.781934	92.886273	-7.789114	1.492427	17.871133
3213	4604.858744	86.398260	7.684997	1.525334	18.305574
3215	4606.935364	85.717993	7.962421	1.526007	17.862205
3217	4609.011299	85.967448	7.629921	1.524461	18.046497
3219	4611.087499	84.990286	7.599212	1.523594	17.897901
3221	4613.164975	85.614602	7.702745	1.522963	17.419248
3223	4615.243044	85.373211	7.817443	1.520848	18.005126
3225	4617.322168	85.129833	7.525766	1.515558	17.189279
3227	4619.401048	85.432779	7.613734	1.515999	17.669766
3229	4621.477642	84.850584	7.943780	1.514002	17.638179
3231	4623.552976	85.366530	7.683231	1.514570	17.673877
3233	4625.628494	84.622661	7.815282	1.514247	17.595248
3235	4627.704561	85.096945	7.757964	1.512999	16.826168
3237	4629.782801	83.832799	7.767121	1.513443	17.111137
3239	4631.860931	85.167639	7.632200	1.508148	17.591597
3241	4633.939554	91.170311	-7.180155	1.472173	17.407694
3243	4636.017739	90.600970	-7.220516	1.470793	17.495161
3245	4638.095958	84.482254	7.492787	1.506471	16.694440
3247	4640.173100	84.813176	7.331985	1.505033	16.943631
3249	4642.250207	84.478686	7.391596	1.505379	16.872719
3251	4644.326933	84.394388	7.425818	1.503572	16.946059
3253	4646.403550	84.292400	7.634983	1.503400	16.823319
3255	4648.480852	92.604906	-6.367984	1.449416	16.367812
3257	4650.557611	92.528605	-3.697286	1.442788	16.188763
3259	4652.633337	84.197943	7.408133	1.494238	16.125976
3261	4654.708720	83.587972	7.190166	1.491895	17.153963
3263	4656.784728	82.708444	7.296480	1.492671	16.678005
3265	4658.862088	83.518066	7.007188	1.492615	16.701595
3267	4660.940672	83.005679	7.142893	1.494040	16.453842
3269	4663.019487	83.580106	7.035409	1.491022	16.657121
3271	4665.098133	83.215667	7.707630	1.491006	16.218834
3273	4667.175128	82.738814	7.392019	1.487909	16.434943
3275	4669.251401	82.699720	6.897957	1.487459	16.244364
3277	4671.326841	83.162306	6.892490	1.484497	16.406654
3279	4673.402879	82.315419	7.180248	1.483088	16.216526
3281	4675.479437	83.417089	6.819472	1.479074	16.630887
3283	4677.556758	82.701840	6.800643	1.480618	15.942619
3285	4679.633526	82.628076	7.307181	1.475971	15.965024
3287	4681.710019	82.525526	6.664407	1.477146	16.247063
3289	4683.787325	81.502365	6.918024	1.477472	16.060704
3291	4685.864822	82.757017	6.540736	1.475825	15.976828
3293	4687.942155	81.818542	6.959779	1.477180	16.043595
3295	4690.019209	92.718106	-5.764833	1.425337	16.510952
3297	4692.096866	90.408732	-3.355613	1.414470	15.315282
3299	4694.174942	81.579863	7.198004	1.470918	15.868415
3301	4696.253364	82.308611	6.838561	1.469092	15.638438
3303	4698.331586	82.540386	6.592677	1.469468	15.744840
3305	4700.409035	88.270479	-6.029042	1.429060	15.708294
3307	4702.485140	82.603711	6.477300	1.467010	15.556910
3309	4704.561324	82.045322	6.472422	1.465262	16.024974
3311	4706.636610	81.366452	6.481583	1.468012	16.034225
3313	4708.712694	81.904403	6.675810	1.467521	15.434404
3315	4710.789438	80.972799	6.574826	1.465857	15.517509
3317	4712.866955	80.931316	6.730078	1.464376	15.494793
3319	4714.944908	81.207240	6.554956	1.461492	15.992351
3321	4717.022917	81.758040	6.307793	1.459388	15.219834
3323	4719.100480	81.036007	6.523667	1.459654	15.674221
3325	4721.178050	81.151699	6.717207	1.456649	15.314752
3327	4723.255293	81.341584	6.535087	1.457538	15.163368
3329	4725.332359	80.789561	6.506856	1.456210	15.688084
3331	4727.408958	80.507419	6.651283	1.454936	15.430098
3333	4729.485378	80.138253	6.331198	1.453040	14.785117
3335	4731.561753	80.796058	6.326560	1.451436	15.491127
3337	4733.638006	80.606020	6.299461	1.451395	15.136376
3339	4735.714684	80.420982	6.248638	1.450816	14.825049
3341	4737.791819	79.799249	6.607975	1.451498	14.682543
3343	4739.869803	89.195284	-5.038606	1.400688	15.537656
3345	4741.948336	88.010183	-3.623310	1.395724	15.620658
3347	4744.026809	80.602593	6.051367	1.448159	15.377426
3349	4746.104795	80.371625	6.233938	1.447426	15.162160
3351	4748.182385	80.065435	6.257963	1.447330	15.558199
3353	4750.259177	86.313736	-5.318503	1.406036	14.836922
3355	4752.335419	88.143669	-4.710413	1.396604	14.921129
3357	4754.411632	88.551563	-2.259032	1.383642	14.721349
3359	4756.487968	79.036775	5.951027	1.441335	15.025247
3361	4758.564152	80.008583	5.841436	1.438341	14.813399
3363	4760.640709	79.465394	5.865835	1.438566	14.725992
3365	4762.717708	89.654426	-4.672959	1.392711	14.933889
3367	4764.794768	88.451278	-2.376280	1.376345	14.640346
3369	4766.871893	79.017165	5.931919	1.433714	14.682351
3371	4768.949502	79.384676	5.981732	1.433606	14.475543
3373	4771.026935	79.656159	5.563392	1.434121	14.537202
3375	4773.104922	79.067804	5.787148	1.433401	14.966115
3377	4775.182863	78.933867	5.909489	1.433498	14.803313
3379	4777.259999	79.783640	5.724832	1.432445	13.844714
3381	4779.337975	78.865489	5.932849	1.431327	14.098038
3383	4781.414375	79.158664	5.798272	1.429103	13.818221
3385	4783.490684	79.569017	5.580479	1.427959	14.299166
3387	4785.566465	91.327828	-4.613168	1.387443	14.591765
3389	4787.642255	87.186823	-3.256104	1.373305	14.864553
3391	4789.718310	88.326050	-4.377663	1.377894	14.175323
3393	4791.794772	86.385186	-3.271609	1.374813	14.656108
3395	4793.871612	78.552328	5.307152	1.426980	14.377897
3397	4795.948809	78.288009	5.588257	1.427899	14.609964
3399	4798.026244	78.662458	5.395712	1.425343	14.466174
3401	4800.103655	78.408684	5.524473	1.424481	14.297152
3403	4802.180956	77.929282	5.647875	1.421446	14.642785
3405	4804.258096	78.798297	5.576841	1.422903	14.402363
3407	4806.335094	77.821215	5.557023	1.418859	14.726089
3409	4808.412174	78.035301	5.391372	1.420773	14.110321
3411	4810.488752	77.736065	5.496903	1.418813	14.515116
3413	4812.565351	78.011395	5.586309	1.420087	14.178702
