time (s)	energy (uJ)	charge (mC)	voltage (mV)	crossing#mod 255
495890.402045	-0.386241	0.004388	-0.088013	105
495891.452121	-0.484022	0.004410	-0.109767	106
495892.500655	-0.433119	0.004395	-0.098546	107
495893.516649	-0.525702	0.004403	-0.119405	108
495894.565561	-0.300826	0.004412	-0.068185	109
495895.621582	-0.449386	0.004391	-0.102332	110
495896.662072	-0.390951	0.004438	-0.088088	111
495897.678552	-0.385274	0.004398	-0.087607	112
495898.728606	-0.287281	0.004392	-0.065409	113
495899.777160	-0.380258	0.004399	-0.086439	114
495900.823034	-0.460610	0.004394	-0.104816	115
495901.873874	-0.436736	0.004389	-0.099516	116
495902.887117	-0.382650	0.004395	-0.087057	117
495903.936024	-0.325177	0.004423	-0.073512	118
495904.986178	-0.539948	0.004396	-0.122841	119
495906.032713	-0.330972	0.004395	-0.075310	120
495907.051659	-0.539983	0.004393	-0.122911	121
495908.098170	-0.241284	0.004404	-0.054789	122
495909.146637	-0.671453	0.004401	-0.152573	123
495910.194580	-0.303004	0.004393	-0.068976	124
495911.243130	-0.699462	0.004390	-0.159326	125
495912.262105	-0.267572	0.004379	-0.061109	126
495913.307278	-0.563144	0.004399	-0.128011	127
495914.355764	-0.309023	0.004394	-0.070336	128
495915.406742	-0.666467	0.004407	-0.151214	129
495916.423321	-0.254727	0.004408	-0.057784	130
495917.471874	-0.417549	0.004387	-0.095175	131
495918.518422	-0.383869	0.004402	-0.087210	132
495919.566171	-0.484640	0.004379	-0.110674	133
495920.582177	-0.360147	0.004388	-0.082078	134
495921.662540	-0.511421	0.004400	-0.116233	135
495922.679309	-0.385525	0.004388	-0.087861	136
495923.728442	-0.356721	0.004412	-0.080858	137
495924.744478	-0.293394	0.004399	-0.066693	138
495925.826528	-0.445889	0.004393	-0.101499	139
495926.840590	-0.349995	0.004406	-0.079442	140
495927.889119	-0.357175	0.004390	-0.081364	141
495928.939175	-0.424009	0.004387	-0.096657	142
495929.987197	-0.447874	0.004396	-0.101888	143
495931.005241	-0.472297	0.004388	-0.107631	144
495932.053310	-0.348446	0.004402	-0.079165	145
495933.099547	-0.451201	0.004389	-0.102803	146
495934.149876	-0.381944	0.004394	-0.086928	147
495935.164883	-0.349132	0.004404	-0.079279	148
495936.211941	-0.367504	0.004379	-0.083920	149
495937.260888	-0.419009	0.004389	-0.095467	150
495938.308985	-0.421785	0.004393	-0.096016	151
495939.325058	-0.274389	0.004390	-0.062499	152
495940.375159	-0.360218	0.004395	-0.081967	153
495941.425179	-0.316959	0.004401	-0.072027	154
495942.473753	-0.453977	0.004405	-0.103053	155
495943.520348	-0.338078	0.004388	-0.077053	156
495944.536497	-0.455612	0.004443	-0.102537	157
495945.584051	-0.282398	0.004388	-0.064363	158
495946.632486	-0.599601	0.004392	-0.136521	159
495947.680935	-0.299459	0.004387	-0.068258	160
495948.697914	-0.526502	0.004399	-0.119692	161
495949.746436	-0.234753	0.004400	-0.053348	162
495950.794267	-0.589526	0.004389	-0.134317	163
495951.842483	-0.352088	0.004394	-0.080126	164
495952.860529	-0.398415	0.004395	-0.090642	165
495953.907050	-0.225317	0.004396	-0.051256	166
495954.957155	-0.465096	0.004405	-0.105590	167
495956.005180	-0.292958	0.004397	-0.066623	168
495957.052755	-0.442003	0.004382	-0.100870	169
495958.071335	-0.206703	0.004399	-0.046987	170
495959.135221	-0.340171	0.004405	-0.077216	171
495960.165324	-0.376515	0.004386	-0.085849	172
495961.215420	-0.392107	0.004402	-0.089084	173
495962.233319	-0.338114	0.004374	-0.077307	174
495963.280385	-0.238641	0.004402	-0.054212	175
495964.328423	-0.430510	0.004399	-0.097857	176
495965.376509	-0.336462	0.004409	-0.076317	177
495966.392542	-0.302771	0.004403	-0.068767	178
495967.442603	-0.218707	0.004391	-0.049811	179
495968.488613	-0.373744	0.004397	-0.085008	180
495969.542697	-0.378512	0.004383	-0.086351	181
495970.587225	-0.381566	0.004396	-0.086797	182
495971.605212	14.955569	0.004383	3.411801	183
495972.653754	-0.205531	0.004396	-0.046758	184
495973.699784	-0.475040	0.004401	-0.107931	185
495974.747644	-0.296732	0.004391	-0.067570	186
495975.763495	-0.409590	0.004386	-0.093383	187
495976.812790	-0.115570	0.004403	-0.026251	188
495977.864873	-0.535728	0.004400	-0.121758	189
495978.909197	-0.179712	0.004388	-0.040957	190
495979.928278	-0.388616	0.004384	-0.088642	191
495980.973110	-0.123194	0.004387	-0.028080	192
495982.021605	-0.499517	0.004381	-0.114018	193
495983.071717	-0.290238	0.004393	-0.066066	194
495984.122600	-0.493831	0.004383	-0.112666	195
495985.134998	-0.131621	0.004387	-0.030005	196
495986.187102	-0.368112	0.004384	-0.083971	197
495987.233661	-0.304707	0.004394	-0.069342	198
495988.281756	-0.432429	0.004382	-0.098679	199
495989.296252	-0.126638	0.004393	-0.028828	200
495990.344302	-0.424298	0.004402	-0.096385	201
495991.394358	-0.272596	0.004412	-0.061791	202
495992.444400	-0.403709	0.004389	-0.091980	203
495993.460386	-0.111520	0.004404	-0.025321	204
495994.508380	-0.340293	0.004384	-0.077625	205
495995.554355	-0.192633	0.004390	-0.043884	206
495996.603341	-0.321132	0.004387	-0.073196	207
495997.654333	-0.270601	0.004399	-0.061512	208
495998.668895	-0.190896	0.004400	-0.043388	209
495999.716802	-0.179864	0.004391	-0.040963	210
496000.764926	-0.390719	0.004393	-0.088946	211
496001.814996	-0.294786	0.004418	-0.066722	212
496002.831017	-0.225205	0.004390	-0.051294	213
496003.878990	-0.078629	0.004402	-0.017862	214
496004.929529	-0.429621	0.004406	-0.097510	215
496005.976073	-0.233085	0.004406	-0.052901	216
496006.992065	-0.300767	0.004415	-0.068125	217
496008.041037	0.062422	0.004392	0.014211	218
496009.091590	-0.444694	0.004390	-0.101297	219
496010.141636	-0.101807	0.004388	-0.023201	220
496011.154138	-0.194639	0.004420	-0.044036	221
496012.204165	0.125870	0.004384	0.028708	222
496013.250735	-0.370328	0.004407	-0.084024	223
496014.298626	-0.121052	0.004390	-0.027573	224
496015.349526	-0.307936	0.004387	-0.070186	225
496016.396831	-0.260574	0.004398	-0.059250	226
496017.410862	-0.193083	0.004390	-0.043984	227
496018.460933	-0.198151	0.004414	-0.044893	228
496019.511506	-0.283936	0.004402	-0.064503	229
496020.560036	-0.299329	0.004393	-0.068134	230
496021.576550	-0.088766	0.004390	-0.020218	231
496022.623123	-0.220971	0.004389	-0.050341	232
496023.669620	-0.203940	0.004395	-0.046400	233
496024.719702	-0.317452	0.004408	-0.072019	234
496025.735715	-0.002596	0.004399	-0.000590	235
496026.786292	-0.190493	0.004393	-0.043367	236
496027.832361	-0.207048	0.004402	-0.047031	237
496028.882423	-0.257757	0.004400	-0.058587	238
496029.898422	-0.023071	0.004399	-0.005245	239
496030.944786	-0.040759	0.004388	-0.009289	240
496031.992982	-0.299750	0.004402	-0.068102	241
496033.045038	-0.119553	0.004385	-0.027265	242
496034.059622	-0.117493	0.004386	-0.026786	243
496035.108588	0.116748	0.004400	0.026536	244
496036.157145	-0.375875	0.004402	-0.085395	245
496037.205766	-0.119234	0.004391	-0.027156	246
496038.219807	-0.154220	0.004401	-0.035043	247
496039.267747	0.177834	0.004384	0.040561	248
496040.315861	-0.332786	0.004395	-0.075721	249
496041.365937	-0.075207	0.004413	-0.017044	250
496042.413549	-0.406349	0.004385	-0.092661	251
496043.463845	-0.195494	0.004390	-0.044536	252
496044.477931	-0.257944	0.004387	-0.058797	253
496045.526440	-0.085030	0.004384	-0.019394	254
496046.578198	-0.375138	0.004384	-0.085565	255
496047.623434	-0.221795	0.004386	-0.050567	0
496048.639418	-0.106108	0.004388	-0.024184	1
496049.687521	-0.096357	0.004389	-0.021956	2
496050.737624	-0.319744	0.004418	-0.072379	3
496051.785095	-0.196552	0.004386	-0.044813	4
496052.803695	-0.128079	0.004388	-0.029192	5
496053.849600	-0.197580	0.004389	-0.045015	6
496054.897879	-0.233954	0.004395	-0.053231	7
496055.949623	-0.177563	0.004402	-0.040340	8
496056.963676	-0.046434	0.004390	-0.010578	9
496058.011725	-0.053547	0.004399	-0.012173	10
496059.059644	-0.283252	0.004385	-0.064597	11
496060.107770	-0.067400	0.004387	-0.015364	12
496061.123807	-0.025375	0.004392	-0.005778	13
496062.173905	0.170410	0.004411	0.038629	14
496063.221931	-0.324039	0.004409	-0.073498	15
496064.269825	0.007781	0.004386	0.001774	16
496065.285645	-0.055838	0.004386	-0.012730	17
496066.336023	0.303472	0.004386	0.069198	18
496067.362338	0.048479	0.004391	0.011040	19
496068.430606	0.042447	0.004391	0.009668	20
496069.482657	-0.368309	0.004387	-0.083951	21
496070.531187	-0.146695	0.004403	-0.033319	22
496071.547295	-0.123627	0.004407	-0.028053	23
496072.594675	0.002407	0.004390	0.000548	24
496073.641481	-0.254746	0.004390	-0.058034	25
496074.689787	-0.169806	0.004392	-0.038660	26
496075.705805	0.050019	0.004391	0.011392	27
496076.753947	-0.048299	0.004382	-0.011023	28
496077.804030	-0.096207	0.004409	-0.021821	29
496078.851304	-0.186556	0.004384	-0.042556	30
496079.868614	0.160616	0.004402	0.036483	31
496080.916608	-0.039862	0.004419	-0.009021	32
496081.964507	-0.099530	0.004386	-0.022691	33
496083.012590	-0.217296	0.004393	-0.049460	34
496084.028562	0.192136	0.004416	0.043513	35
496085.076636	0.061009	0.004402	0.013860	36
496086.126708	-0.146140	0.004398	-0.033230	37
496087.174618	-0.070640	0.004392	-0.016082	38
496088.190485	0.079029	0.004381	0.018039	39
496089.238755	0.317615	0.004395	0.072262	40
496090.289741	-0.240872	0.004410	-0.054619	41
496091.335687	0.075564	0.004390	0.017211	42
496092.351731	-0.232432	0.004393	-0.052913	43
496093.399783	0.462230	0.004400	0.105047	44
496094.450772	-0.271681	0.004390	-0.061884	45
496095.497210	0.122256	0.004393	0.027832	46
496096.547337	-0.333094	0.004406	-0.075597	47
496097.563408	0.428914	0.004388	0.097740	48
496098.611991	14.565214	0.004402	3.309142	49
496099.660069	0.071638	0.004393	0.016308	50
496100.707870	-0.296131	0.004383	-0.067557	51
496101.756069	-0.072335	0.004393	-0.016466	52
496102.772020	-0.050907	0.004383	-0.011615	53
496103.822131	0.069407	0.004406	0.015751	54
496104.870175	-0.217415	0.004467	-0.048668	55
496105.917999	-0.080349	0.004386	-0.018320	56
496106.934193	0.096099	0.004424	0.021720	57
496107.983154	0.153914	0.004426	0.034775	58
496109.031733	-0.128163	0.004408	-0.029076	59
496110.082695	-0.037507	0.004373	-0.008577	60
496111.095177	0.106519	0.004396	0.024232	61
496112.145273	0.215615	0.004391	0.049099	62
496113.193834	-0.201315	0.004395	-0.045807	63
496114.243908	0.020266	0.004392	0.004614	64
496115.256453	0.169157	0.004393	0.038502	65
496116.304998	0.336618	0.004391	0.076658	66
496117.357103	-0.198314	0.004386	-0.045220	67
496118.403663	0.120779	0.004407	0.027403	68
496119.421694	0.138916	0.004384	0.031686	69
496120.470235	0.440400	0.004379	0.100579	70
496121.518774	-0.133048	0.004389	-0.030316	71
496122.563306	0.188948	0.004409	0.042858	72
496123.581340	0.268832	0.004389	0.061246	73
496124.631903	0.447322	0.004386	0.101993	74
496125.678406	-0.026284	0.004387	-0.005992	75
496126.728410	0.130202	0.004391	0.029653	76
496127.776399	-0.161427	0.004427	-0.036461	77
496128.822346	-0.058246	0.004387	-0.013276	78
496129.841697	0.181741	0.004377	0.041518	79
496130.886842	0.126848	0.004392	0.028884	80
496131.934879	-0.036695	0.004402	-0.008336	81
496132.984940	-0.097824	0.004413	-0.022168	82
496133.999353	0.371030	0.004392	0.084475	83
496135.048268	0.122140	0.004386	0.027845	84
496136.098368	0.000509	0.004413	0.000115	85
496137.146410	-0.053555	0.004401	-0.012168	86
496138.162403	0.367881	0.004421	0.083209	87
496139.210249	0.248156	0.004391	0.056511	88
496140.260429	0.005272	0.004393	0.001200	89
496141.306916	0.101148	0.004392	0.023028	90
496142.322961	0.340487	0.004387	0.077609	91
496143.373064	0.467883	0.004399	0.106358	92
496144.419956	-0.061230	0.004389	-0.013950	93
496145.472078	0.201986	0.004382	0.046099	94
496146.486632	0.206210	0.004396	0.046911	95
496147.533161	0.573081	0.004404	0.130138	96
496148.583198	-0.072311	0.004401	-0.016430	97
496149.629745	0.251899	0.004387	0.057418	98
496150.647814	0.333495	0.004396	0.075866	99
496151.696362	0.597042	0.004398	0.135748	100
496152.744447	-0.003340	0.004405	-0.000758	101
496153.792504	0.258596	0.004400	0.058770	102
496154.840478	-0.158283	0.004389	-0.036066	103
496155.856417	0.633024	0.004390	0.144192	104
496156.906620	0.075005	0.004394	0.017069	105
496157.956652	6.955302	0.004398	1.581425	106
496159.002681	-0.117589	0.004397	-0.026745	107
496160.018706	0.674415	0.004436	0.152031	108
496161.067620	0.238334	0.004394	0.054246	109
496162.118173	0.289074	0.004384	0.065941	110
496163.164676	-0.068636	0.004404	-0.015585	111
496164.211811	0.035757	0.004391	0.008143	112
496165.230766	0.273107	0.004380	0.062357	113
496166.276637	0.378401	0.004399	0.086021	114
496167.326596	-0.055014	0.004379	-0.012562	115
496168.374858	0.131132	0.004399	0.029807	116
496169.390935	0.229134	0.004393	0.052161	117
496170.438952	0.552845	0.004392	0.125861	118
496171.487773	-0.039785	0.004398	-0.009046	119
496172.535883	0.242888	0.004407	0.055112	120
496173.551920	0.316960	0.004389	0.072212	121
496174.600854	0.639636	0.004408	0.145111	122
496175.648925	-0.018031	0.004394	-0.004103	123
496176.696840	0.336932	0.004388	0.076783	124
496177.712606	0.416576	0.004383	0.095045	125
496178.761021	0.709882	0.004390	0.161715	126
496179.813136	17.498966	0.004384	3.991628	127
496180.857648	0.312398	0.004392	0.071134	128
496181.873666	0.671583	0.004395	0.152795	129
496182.923747	0.675716	0.004409	0.153256	130
496183.970927	0.321022	0.004390	0.073129	131
496185.021819	0.245581	0.004379	0.056087	132
496186.068229	0.067901	0.004390	0.015468	133
496187.086348	0.683037	0.004393	0.155483	134
496188.136392	0.385862	0.004385	0.087995	135
496189.182435	0.255325	0.004413	0.057862	136
496190.229482	0.061215	0.004410	0.013882	137
496191.280285	0.037763	0.004387	0.008608	138
496192.296491	0.451948	0.004403	0.102654	139
496193.342927	0.414417	0.004387	0.094461	140
496194.390993	0.120807	0.004390	0.027521	141
496195.441942	0.205642	0.004394	0.046802	142
496196.456449	0.346485	0.004400	0.078738	143
496197.509371	0.507420	0.004399	0.115360	144
496198.553919	0.070844	0.004414	0.016050	145
496199.604825	0.280257	0.004384	0.063931	146
496200.617290	0.373452	0.004388	0.085102	147
496201.669402	0.656839	0.004384	0.149811	148
496202.715465	-0.269152	0.004409	-0.061049	149
496203.767552	0.310289	0.004416	0.070269	150
496204.782449	0.433866	0.004378	0.099108	151
496205.826954	0.822009	0.004383	0.187545	152
496206.877063	0.085830	0.004409	0.019465	153
496207.927646	0.405638	0.004393	0.092348	154
496208.942621	0.632795	0.004406	0.143614	155
496209.990650	0.824482	0.004395	0.187588	156
496211.038645	0.188919	0.004411	0.042830	157
496212.086164	0.385951	0.004393	0.087854	158
496213.134672	-0.049951	0.004393	-0.011371	159
496214.150624	0.679759	0.004383	0.155081	160
496215.199222	0.324755	0.004385	0.074065	161
