num crossings	time (s)	maj axis (mm)	min axis (mm)	theta (rad )	slope (V/s)
4271	5715.649924	82.814096	9.855833	-1.541714	17.618422
4273	5717.726880	86.244866	9.596061	-1.580361	16.337136
4275	5719.804641	87.756575	9.116599	-1.598580	15.887777
4277	5721.879345	87.200519	9.140766	-1.596006	17.458699
4279	5723.957052	90.963246	6.163314	-1.568212	16.101447
4281	5726.031797	89.819369	10.351331	-1.578993	16.381569
4283	5728.108785	82.316953	10.025414	-1.529568	15.635601
4285	5730.184846	81.649867	10.229986	-1.523895	16.379815
4287	5732.262634	82.287770	10.042984	-1.523795	16.525864
4289	5734.342009	82.591339	9.690913	-1.523245	15.479772
4291	5736.420000	81.894876	9.969029	-1.521716	16.717566
4293	5738.499199	81.041086	9.865566	-1.520139	16.048571
4295	5740.576442	81.700375	9.750537	-1.520187	15.433280
4297	5742.652727	85.263000	9.605427	-1.560435	16.304957
4299	5744.729088	90.733533	6.241799	-1.554950	15.613545
4301	5746.804939	81.430935	10.027415	-1.516984	16.144977
4303	5748.882658	82.452029	9.557830	-1.514283	15.853440
4305	5750.957911	82.079271	9.961582	-1.513685	15.953084
4307	5753.036391	82.334387	9.762190	-1.512556	15.201451
4309	5755.112705	87.281080	9.974603	-1.563156	16.229599
4311	5757.191024	84.337822	9.555344	-1.557099	14.941502
4313	5759.268118	85.359404	9.332660	-1.558903	16.161898
4315	5761.346312	88.243426	10.049165	-1.556096	15.886243
4317	5763.423339	81.230792	9.846771	-1.500508	15.518228
4319	5765.500660	80.965060	9.876275	-1.498730	15.663415
4321	5767.578100	81.289420	9.807765	-1.498801	15.426507
4323	5769.653988	81.197097	10.077776	-1.499426	16.230942
4325	5771.729872	81.587984	9.852654	-1.497261	15.391216
4327	5773.805469	80.982990	10.094367	-1.495819	16.212427
4329	5775.882241	81.379306	9.734816	-1.489767	15.524520
4331	5777.959089	81.015580	9.841610	-1.491237	15.522425
4333	5780.036759	81.495158	9.673533	-1.491836	15.856432
4335	5782.115195	87.178332	10.401022	-1.537144	15.035881
4337	5784.192678	80.487628	10.120987	-1.490185	15.635725
4339	5786.271046	81.258667	9.640810	-1.488615	15.019520
4341	5788.348088	81.284057	9.752626	-1.485614	15.399771
4343	5790.425715	80.506840	9.784444	-1.485936	15.587865
4345	5792.502728	80.114248	9.898922	-1.482146	15.463771
4347	5794.580200	80.932236	9.585135	-1.481120	15.007894
4349	5796.656715	80.144209	9.976599	-1.479251	15.011808
4351	5798.733608	80.489745	9.766970	-1.478314	15.106473
4353	5800.809725	80.480827	9.929993	-1.477468	15.114574
4355	5802.886209	80.190920	10.055245	-1.473455	14.637619
4357	5804.962072	80.436532	9.603843	-1.469268	15.320809
4359	5807.038427	80.599935	9.549510	-1.467622	14.614755
4361	5809.115019	82.677678	9.548986	-1.513065	14.310708
4363	5811.191970	83.944310	9.465875	-1.521304	14.483354
4365	5813.270029	87.383038	14.080767	-1.504157	14.696649
4367	5815.348280	80.363113	9.586651	-1.461781	15.266363
4369	5817.426617	80.010583	9.761562	-1.460465	14.909107
4371	5819.504606	79.422720	9.814431	-1.458542	15.518769
4373	5821.582493	79.942524	9.562098	-1.457129	14.815862
4375	5823.659713	79.222213	9.818272	-1.454711	14.821638
4377	5825.736882	79.345468	9.700803	-1.456128	14.736949
4379	5827.813644	79.033327	9.823507	-1.456348	14.684600
4381	5829.890445	79.948138	9.658619	-1.455640	14.433131
4383	5831.967271	79.293414	9.709711	-1.452819	15.073624
4385	5834.044127	79.805782	9.607730	-1.451380	14.828020
4387	5836.121212	79.370053	9.768369	-1.449641	14.968984
4389	5838.198803	79.020005	10.042822	-1.448905	15.247151
4391	5840.276303	81.177807	9.833974	-1.485290	14.849458
4393	5842.353229	96.890011	9.788104	-1.495650	14.140216
4395	5844.429977	79.077695	9.543177	-1.438632	14.544015
4397	5846.506532	78.701000	10.029630	-1.440970	14.779559
4399	5848.582780	79.878756	9.753778	-1.439758	14.675103
4401	5850.658639	79.472048	9.893304	-1.438901	13.879964
4403	5852.733948	79.359664	9.953506	-1.438597	14.341659
4405	5854.809886	84.390237	10.361092	-1.485115	14.361195
4407	5856.885977	78.797302	9.850042	-1.433306	14.614869
4409	5858.962421	80.801913	9.588175	-1.471642	14.678964
4411	5861.040378	84.834560	13.269905	-1.463931	14.623174
4413	5863.117646	78.911925	9.895989	-1.432095	14.082123
4415	5865.195778	78.761909	9.864554	-1.429896	14.491424
4417	5867.273069	78.834720	9.968701	-1.430929	14.091950
4419	5869.350728	78.506238	9.839093	-1.428042	13.537527
4421	5871.428581	78.822866	9.734713	-1.428036	14.381296
4423	5873.505567	78.364214	9.859067	-1.426371	13.858532
4425	5875.582443	79.149443	9.759412	-1.426398	13.862389
4427	5877.659396	78.350701	9.821924	-1.423258	14.071403
4429	5879.735849	78.704434	9.816496	-1.421021	14.234568
4431	5881.811974	78.211669	9.865562	-1.418131	13.710180
4433	5883.888452	78.114416	9.944235	-1.416817	14.461207
4435	5885.965477	79.965065	9.728056	-1.451265	13.441115
4437	5888.041599	95.895048	9.619476	-1.459113	13.979779
4439	5890.118064	78.016265	9.643540	-1.408136	13.618205
4441	5892.196984	77.420885	10.050494	-1.408380	13.992775
4443	5894.274592	81.857456	10.092868	-1.461815	13.661363
4445	5896.352372	84.781258	13.826460	-1.439178	13.702692
4447	5898.430485	77.829754	9.765965	-1.406994	13.978552
4449	5900.508374	77.553349	9.669168	-1.403123	13.866280
4451	5902.586117	77.676839	9.657178	-1.402742	13.693198
4453	5904.664034	77.056465	9.670294	-1.399906	13.678770
4455	5906.741093	77.000423	9.614328	-1.399327	14.265955
4457	5908.818160	76.709372	9.781409	-1.400932	13.345327
4459	5910.895315	77.754638	9.480503	-1.397219	13.189319
4461	5912.972867	77.077119	9.576729	-1.396798	13.768164
4463	5915.048734	77.444841	9.553225	-1.396598	13.452855
4465	5917.126015	77.040960	9.541696	-1.394000	13.355992
4467	5919.203405	76.789118	9.910277	-1.393195	13.852667
4469	5921.280296	77.295423	9.666997	-1.391255	13.229262
4471	5923.357277	76.353423	9.913128	-1.388285	13.602201
4473	5925.434112	77.187399	9.578230	-1.389050	13.176903
4475	5927.510143	76.672735	9.775406	-1.386446	13.166564
4477	5929.586688	77.683687	9.893688	-1.409768	13.638099
4479	5931.662515	82.540185	13.649906	-1.417081	13.712504
4481	5933.738635	81.582634	10.252377	-1.428752	13.810326
4483	5935.814763	76.175291	10.048889	-1.383303	13.272778
4485	5937.890274	76.543030	9.823342	-1.380003	13.717887
4487	5939.967806	76.886541	9.701207	-1.378495	13.167800
4489	5942.044875	77.531996	9.735184	-1.375864	13.451162
4491	5944.122157	76.854302	9.631175	-1.377034	13.507014
4493	5946.198963	76.871717	9.764222	-1.377180	13.429847
4495	5948.276725	77.604693	9.787977	-1.406716	12.935496
4497	5950.354091	82.827228	12.478178	-1.392894	12.812955
4499	5952.431347	76.775735	9.643773	-1.373612	13.281378
4501	5954.508373	76.385815	9.728461	-1.372420	13.015311
4503	5956.585370	76.854168	9.515348	-1.370181	13.439526
4505	5958.662439	76.568112	9.604673	-1.368135	12.981781
4507	5960.739113	76.491682	9.587045	-1.367276	12.956924
4509	5962.815788	76.455695	9.805699	-1.366450	12.995124
4511	5964.892422	76.030485	9.737287	-1.363755	12.987898
4513	5966.968825	76.807176	9.662663	-1.364126	13.203093
4515	5969.045553	77.049339	9.861448	-1.389183	12.876587
4517	5971.122539	82.145329	12.932718	-1.382839	12.664237
4519	5973.199781	75.728836	9.758739	-1.356173	13.155562
4521	5975.277216	76.104192	9.615466	-1.355644	13.178137
4523	5977.354941	79.629518	10.253200	-1.398698	12.809533
4525	5979.432801	79.551048	10.250385	-1.397489	13.042186
4527	5981.510740	75.315137	9.750384	-1.352953	12.836837
4529	5983.588512	76.125862	9.703146	-1.352904	13.099294
4531	5985.666111	75.751551	9.721911	-1.351730	12.961351
4533	5987.743467	75.722824	9.549149	-1.348995	13.044386
4535	5989.820821	79.330017	10.263802	-1.389208	12.698801
4537	5991.897913	79.022465	10.289773	-1.385522	13.091508
4539	5993.975088	75.717227	9.782289	-1.345113	12.701969
4541	5996.052023	75.915230	9.479226	-1.344091	12.760035
4543	5998.128930	75.593856	9.565090	-1.343334	12.845310
4545	6000.205887	78.786986	10.315938	-1.382488	12.678973
4547	6002.282688	75.462075	9.627161	-1.339909	12.893976
4549	6004.359343	75.191879	9.758996	-1.364140	12.514736
4551	6006.436079	80.416271	13.070977	-1.363032	12.612151
4553	6008.512457	74.973926	9.874023	-1.338060	12.428530
4555	6010.588701	75.650432	9.619911	-1.336213	12.894210
4557	6012.664813	75.283783	9.835784	-1.335196	12.774692
4559	6014.740950	75.204910	9.608592	-1.334162	13.058797
4561	6016.817261	75.028946	9.930329	-1.333406	12.710355
4563	6018.893564	74.629952	9.933378	-1.330173	12.853798
4565	6020.970174	75.017258	9.614959	-1.328982	12.394373
4567	6023.046951	75.222920	9.721508	-1.329633	12.096517
4569	6025.123999	75.494148	9.799854	-1.328718	12.771823
4571	6027.201260	75.043089	9.692959	-1.327027	12.198346
4573	6029.278464	75.719638	9.458111	-1.325742	12.233083
4575	6031.355570	74.882401	9.755044	-1.325670	12.232424
4577	6033.432714	75.207385	9.577708	-1.324266	12.717992
4579	6035.509733	74.773072	9.618146	-1.322174	12.585435
4581	6037.586744	75.611894	9.365448	-1.320735	12.418468
4583	6039.663589	75.157078	9.526612	-1.319890	12.616426
4585	6041.740410	75.350977	9.453185	-1.318203	12.599260
4587	6043.817111	74.801913	9.605229	-1.317533	12.383943
