num crossings	time (s)	maj axis (mm)	min axis (mm)	theta (rad )	slope (V/s)
1043	1827.858583	92.583370	-10.020399	1.631021	17.440296
1045	1829.938308	85.327107	9.623049	1.670039	18.452125
1047	1832.014707	85.917434	9.253571	1.666196	19.008972
1049	1834.096270	97.296710	-7.956890	1.634184	17.157521
1051	1836.172429	92.214838	-6.099513	1.621030	19.299504
1053	1838.249946	85.488110	9.674623	1.664565	16.488078
1055	1840.327126	92.296727	-12.152203	1.617143	18.156774
1057	1842.403275	91.956525	-11.881272	1.616073	18.191625
1059	1844.480595	97.334989	-7.584577	1.630021	17.912671
1061	1846.557570	91.643532	-9.472068	1.612145	17.453054
1063	1848.635763	96.598272	-8.074481	1.614453	17.810694
1065	1850.713395	91.356945	-6.431470	1.606816	17.513596
1067	1852.789698	96.228282	-7.706078	1.613481	18.384754
1069	1854.866689	91.365777	-9.422163	1.606282	16.601378
1071	1856.941688	84.323176	9.225052	1.645443	17.430746
1073	1859.017467	84.673757	8.910393	1.644254	17.311288
1075	1861.094134	95.696984	-7.629440	1.610767	17.333239
1077	1863.171849	90.734786	-9.080441	1.591460	17.446009
1079	1865.251413	88.603702	-6.822095	1.598917	17.180606
1081	1867.330570	95.314854	-6.990680	1.606490	17.086672
1083	1869.407418	90.496104	-9.178818	1.591359	17.473123
1085	1871.481346	90.534120	-10.863410	1.589946	16.938536
1087	1873.558577	83.395512	8.878425	1.630282	16.412849
1089	1875.634674	82.834972	8.925499	1.628066	17.257142
1091	1877.711254	83.242551	8.634191	1.626738	16.555776
1093	1879.788643	82.504824	8.734079	1.627697	16.295355
1095	1881.865382	83.072415	8.788717	1.627233	16.531910
1097	1883.944411	82.314376	9.718594	1.629268	16.690313
1099	1886.020248	83.328567	8.529036	1.622642	17.295086
1101	1888.096752	89.454958	-11.028004	1.574270	16.635280
1103	1890.173908	82.693419	8.373372	1.622306	16.560905
1105	1892.250659	92.281646	-6.835999	1.576166	16.841211
1107	1894.327963	89.058087	-8.652668	1.568996	16.399659
1109	1896.405297	82.292907	8.521485	1.614376	16.553006
1111	1898.484326	91.757015	-6.612869	1.586518	16.600011
1113	1900.562857	88.466272	-7.786808	1.560273	16.372692
1115	1902.640999	88.484505	-8.338022	1.561315	15.846133
1117	1904.717746	82.364359	8.513353	1.609896	16.140368
1119	1906.792630	88.594402	-10.479005	1.558840	16.730007
1121	1908.868017	93.556434	-6.757527	1.568657	15.901543
1123	1910.943656	89.377580	-5.783188	1.556199	16.396296
1125	1913.020663	93.495195	-6.166309	1.574037	16.314870
1127	1915.098969	87.787268	-8.305500	1.553471	15.932892
1129	1917.176840	81.040603	9.166730	1.605296	15.997498
1131	1919.255500	81.754732	8.360297	1.599699	15.766349
1133	1921.332778	92.389203	-6.495415	1.566130	15.688360
1135	1923.410280	87.579566	-4.741899	1.543747	15.624912
1137	1925.487567	81.158700	8.254118	1.596046	15.688513
1139	1927.564675	89.130311	-6.310556	1.551609	15.431812
1141	1929.641186	87.409287	-8.070993	1.539235	15.947181
1143	1931.717832	87.014352	-8.037205	1.540885	15.864334
1145	1933.793665	81.098784	8.341113	1.585636	15.857718
1147	1935.869736	80.356026	7.878713	1.585998	15.025247
1149	1937.945455	86.810898	-9.542157	1.535510	15.354873
1151	1940.022077	91.712426	-6.290551	1.547090	15.119929
1153	1942.099331	86.590040	-7.908783	1.526401	15.682906
1155	1944.177955	86.102174	-7.762473	1.530065	15.677986
1157	1946.256644	78.995900	8.124869	1.580936	15.603470
1159	1948.335173	86.059190	-7.635553	1.523097	15.721554
1161	1950.412486	85.728288	-7.784638	1.526274	15.134065
1163	1952.489033	87.714583	-5.773858	1.534507	15.063790
1165	1954.564927	86.962294	-4.388344	1.514519	15.106568
1167	1956.640650	77.711048	8.067682	1.571378	14.555415
1169	1958.716584	85.596506	-9.151372	1.520743	15.250379
1171	1960.792773	78.377684	7.861878	1.568835	15.050331
1173	1962.869296	78.335849	7.724203	1.568585	14.400308
1175	1964.946109	77.819076	7.731807	1.566656	14.780294
1177	1967.022974	86.493393	-6.327175	1.518254	15.071375
1179	1969.099925	88.137715	-4.455878	1.505193	14.940641
1181	1971.177461	78.441202	7.513433	1.563829	14.465420
1183	1973.255040	86.394261	-5.830675	1.522528	14.316660
1185	1975.332761	84.264501	-7.274464	1.509343	14.259653
1187	1977.411022	83.948972	-7.355577	1.505186	14.290710
1189	1979.488346	84.670313	-4.031612	1.499787	14.838434
1191	1981.566638	77.398088	7.664615	1.558161	14.105906
1193	1983.643904	86.212732	-5.705040	1.508985	14.430879
1195	1985.720083	84.115505	-4.773253	1.501324	14.146626
1197	1987.795053	76.990240	7.540146	1.552233	14.084630
1199	1989.870496	77.188939	7.175287	1.551757	14.234116
1201	1991.945852	76.249877	7.365057	1.553892	13.938411
1203	1994.022107	88.947585	-5.511080	1.510180	14.123503
1205	1996.099091	84.620245	-4.590751	1.493128	13.791453
1207	1998.176385	76.840537	7.255037	1.549229	13.924088
1209	2000.253793	83.258927	-8.244164	1.494823	14.789204
1211	2002.331403	75.860493	7.302618	1.546216	14.240526
1213	2004.408779	76.547789	7.060102	1.543679	13.534302
1215	2006.486042	76.322224	7.559387	1.540418	13.952222
1217	2008.562896	75.956037	7.178137	1.541277	14.075025
1219	2010.639157	75.540406	7.190782	1.540163	13.786850
1221	2012.715594	82.508142	-6.792303	1.483510	14.078902
1223	2014.791907	84.463492	-3.755545	1.474622	13.718600
1225	2016.868166	75.584305	7.043531	1.536450	13.471589
1227	2018.944904	82.131500	-6.723521	1.478402	13.337393
1229	2021.022048	83.671362	-4.300941	1.477542	13.603869
1231	2023.100103	81.837294	-8.207273	1.479144	13.853418
1233	2025.177937	81.757215	-8.184224	1.478105	13.619877
1235	2027.256217	75.742138	7.089098	1.532828	13.874892
1237	2029.334083	81.528879	-8.033698	1.475288	13.759786
1239	2031.412195	81.423514	-8.105610	1.474578	13.435681
1241	2033.489184	75.235559	6.910448	1.530798	13.376827
1243	2035.565549	81.208155	-8.068825	1.472930	13.432402
1245	2037.641709	82.256842	-4.829349	1.481029	13.247455
1247	2039.717741	81.716004	-3.452139	1.462118	13.194705
1249	2041.793848	74.263109	6.919542	1.523657	13.153731
1251	2043.870182	73.547865	6.734777	1.520232	13.135171
1253	2045.947103	80.681600	-7.677065	1.466218	12.997360
1255	2048.023758	74.323142	6.765638	1.520011	13.130779
1257	2050.100758	82.057620	-4.797116	1.475751	13.177543
1259	2052.178236	82.002489	-3.156175	1.449729	12.753932
1261	2054.255301	74.237779	6.789351	1.514752	12.977714
1263	2056.332596	73.760722	6.895252	1.514613	12.951132
1265	2058.410486	81.242947	-4.746084	1.470170	12.846032
1267	2060.487638	80.960799	-3.218412	1.447668	12.706230
1269	2062.564830	81.416820	-4.826247	1.462911	13.084811
1271	2064.641252	80.037183	-3.688065	1.450583	12.639182
1273	2066.717707	84.517225	-5.182684	1.466818	12.473137
1275	2068.793380	79.577298	-5.907771	1.450736	13.040095
1277	2070.868832	79.085676	-5.982535	1.452687	12.622976
1279	2072.944671	72.585513	6.875219	1.505089	12.544234
1281	2075.020388	73.435968	6.361379	1.506102	12.750671
1283	2077.096700	73.293317	6.451686	1.504342	12.454190
1285	2079.173328	73.924421	6.380733	1.505863	12.508548
1287	2081.250214	79.229456	-7.870068	1.446556	12.157344
1289	2083.326843	79.582306	-5.000353	1.451505	12.534569
1291	2085.404104	80.285825	-3.334994	1.436330	11.873580
1293	2087.481230	72.652788	6.281492	1.498842	12.289741
1295	2089.557859	78.290098	-5.821803	1.440971	12.010082
1297	2091.634743	79.913981	-3.190143	1.432531	12.543977
1299	2093.711416	72.398545	6.339907	1.496959	12.025709
1301	2095.787704	71.778695	6.432178	1.494631	12.140119
1303	2097.864604	78.388469	-7.593325	1.437480	11.903343
1305	2099.941364	71.575298	6.474205	1.492757	12.333440
1307	2102.018430	77.726744	-6.955315	1.436172	12.202505
1309	2104.095964	77.560806	-6.947922	1.435318	11.938698
1311	2106.173575	81.979965	-4.494305	1.448625	12.426945
1313	2108.251701	78.907879	-3.906489	1.429602	12.363513
1315	2110.329662	71.575006	6.249833	1.488389	12.046140
1317	2112.406833	77.126570	-6.791702	1.430555	12.254220
1319	2114.484186	72.189988	6.254514	1.488844	12.078002
1321	2116.561633	78.396960	-4.101684	1.437001	11.898889
1323	2118.638199	76.898322	-5.320563	1.425253	11.676734
1325	2120.714735	77.195997	-2.781387	1.418996	11.566661
1327	2122.791488	77.850670	-4.039347	1.437436	11.558036
1329	2124.867752	76.717938	-2.246250	1.413185	11.342125
1331	2126.944251	76.413236	-6.625790	1.425170	11.498003
1333	2129.020854	71.482537	5.865911	1.481722	11.695865
1335	2131.097530	70.293930	6.021661	1.479118	11.311757
1337	2133.174574	76.992332	-3.907384	1.432762	11.539293
1339	2135.251023	76.101311	-4.275346	1.419301	11.336932
