crossing time (s)	slope (V/s)	crossing number
281474976710655.000000	16.317225	592	1314103168.000000
281474976710655.000000	16.240925	593	1315118336.000000
281474976710655.000000	16.084002	594	1316175744.000000
281474976710655.000000	15.518690	595	1317201024.000000
281474976710655.000000	16.260527	596	1318247424.000000
281474976710655.000000	16.604332	597	1319280256.000000
281474976710655.000000	16.166880	598	1320322944.000000
281474976710655.000000	15.785101	599	1321352960.000000
281474976710655.000000	16.675417	600	1322403328.000000
281474976710655.000000	16.501495	601	1323424768.000000
281474976710655.000000	15.287048	602	1324484480.000000
281474976710655.000000	15.531196	603	1325501568.000000
281474976710655.000000	15.818670	604	1326560384.000000
281474976710655.000000	15.198128	605	1327576960.000000
281474976710655.000000	16.405811	606	1328636672.000000
281474976710655.000000	16.817390	607	1329652224.000000
281474976710655.000000	15.112065	608	1330713728.000000
281474976710655.000000	16.231987	609	1331731072.000000
281474976710655.000000	16.185717	610	1332788608.000000
281474976710655.000000	15.232251	611	1333805696.000000
281474976710655.000000	15.439282	612	1334866176.000000
281474976710655.000000	15.328673	613	1335883264.000000
281474976710655.000000	16.506508	614	1336940928.000000
281474976710655.000000	15.756295	615	1337960448.000000
281474976710655.000000	16.039026	616	1339015040.000000
281474976710655.000000	15.427286	617	1340042752.000000
281474976710655.000000	16.202971	618	1341086080.000000
281474976710655.000000	15.125687	619	1342120448.000000
281474976710655.000000	15.512826	620	1343164288.000000
281474976710655.000000	16.296011	621	1344194304.000000
281474976710655.000000	14.931930	622	1345244160.000000
281474976710655.000000	15.136788	623	1346264832.000000
281474976710655.000000	15.731033	624	1347325824.000000
281474976710655.000000	16.261169	625	1348341504.000000
281474976710655.000000	15.542787	626	1349397120.000000
281474976710655.000000	15.308006	627	1350425216.000000
281474976710655.000000	15.959634	628	1351467264.000000
281474976710655.000000	15.658472	629	1352502784.000000
281474976710655.000000	15.476412	630	1353547648.000000
281474976710655.000000	16.375288	631	1354573184.000000
281474976710655.000000	15.321177	632	1355629312.000000
281474976710655.000000	15.165820	633	1356646144.000000
281474976710655.000000	15.729634	634	1357705984.000000
281474976710655.000000	15.364085	635	1358726272.000000
281474976710655.000000	15.856314	636	1359775872.000000
281474976710655.000000	15.058747	637	1360808576.000000
281474976710655.000000	15.622087	638	1361849984.000000
281474976710655.000000	15.265791	639	1362884736.000000
281474976710655.000000	15.020864	640	1363928832.000000
281474976710655.000000	15.473978	641	1364957952.000000
281474976710655.000000	15.325707	642	1366008064.000000
281474976710655.000000	15.205293	643	1367030912.000000
281474976710655.000000	15.299878	644	1368087296.000000
281474976710655.000000	15.647309	645	1369106176.000000
281474976710655.000000	15.529160	646	1370164224.000000
281474976710655.000000	15.355649	647	1371181824.000000
281474976710655.000000	15.284501	648	1372240768.000000
281474976710655.000000	15.488516	649	1373258880.000000
281474976710655.000000	15.313765	650	1374316800.000000
281474976710655.000000	15.009503	651	1375335552.000000
281474976710655.000000	15.270415	652	1376393344.000000
281474976710655.000000	15.050062	653	1377411840.000000
281474976710655.000000	15.563270	654	1378469376.000000
281474976710655.000000	15.378847	655	1379488640.000000
281474976710655.000000	14.936534	656	1380544512.000000
281474976710655.000000	15.051926	657	1381566848.000000
281474976710655.000000	15.277735	658	1382618368.000000
281474976710655.000000	14.972590	659	1383646720.000000
281474976710655.000000	15.092728	660	1384691584.000000
281474976710655.000000	14.903249	661	1385725696.000000
281474976710655.000000	15.273593	662	1386766464.000000
281474976710655.000000	15.081196	663	1387800960.000000
281474976710655.000000	14.960898	664	1388845568.000000
281474976710655.000000	14.571977	665	1389873152.000000
281474976710655.000000	14.985958	666	1390927104.000000
281474976710655.000000	14.592736	667	1391946240.000000
281474976710655.000000	15.253313	668	1393004928.000000
281474976710655.000000	14.960220	669	1394023168.000000
281474976710655.000000	14.753111	670	1395077504.000000
281474976710655.000000	15.219951	671	1396104704.000000
281474976710655.000000	14.492325	672	1397149056.000000
281474976710655.000000	14.754187	673	1398184320.000000
281474976710655.000000	14.807751	674	1399224704.000000
281474976710655.000000	14.780774	675	1400258560.000000
281474976710655.000000	14.606327	676	1401304320.000000
281474976710655.000000	14.322025	677	1402330752.000000
281474976710655.000000	14.640134	678	1403385088.000000
281474976710655.000000	14.244025	679	1404404352.000000
281474976710655.000000	14.216550	680	1405463040.000000
281474976710655.000000	15.175513	681	1406480512.000000
281474976710655.000000	14.189712	682	1407538176.000000
281474976710655.000000	15.140683	683	1408558336.000000
281474976710655.000000	14.444848	684	1409612032.000000
281474976710655.000000	14.782866	685	1410636800.000000
281474976710655.000000	14.738920	686	1411686656.000000
281474976710655.000000	14.622552	687	1412714752.000000
281474976710655.000000	14.361968	688	1413761792.000000
281474976710655.000000	14.185459	689	1414791808.000000
281474976710655.000000	14.186274	690	1415837952.000000
281474976710655.000000	14.466711	691	1416868096.000000
281474976710655.000000	14.313286	692	1417914624.000000
281474976710655.000000	14.661649	693	1418943616.000000
281474976710655.000000	13.903198	694	1419991552.000000
281474976710655.000000	14.296547	695	1421018752.000000
281474976710655.000000	14.082459	696	1422069376.000000
281474976710655.000000	14.294371	697	1423092992.000000
281474976710655.000000	14.503529	698	1424147712.000000
281474976710655.000000	14.176449	699	1425167488.000000
281474976710655.000000	14.413342	700	1426226048.000000
281474976710655.000000	14.049719	701	1427243008.000000
281474976710655.000000	14.339570	702	1428301824.000000
281474976710655.000000	14.460181	703	1429320832.000000
281474976710655.000000	14.351974	704	1430375168.000000
281474976710655.000000	14.210406	705	1431400320.000000
281474976710655.000000	14.185852	706	1432447744.000000
281474976710655.000000	14.033517	707	1433480576.000000
281474976710655.000000	14.148971	708	1434521472.000000
281474976710655.000000	14.007979	709	1435558144.000000
281474976710655.000000	14.164592	710	1436598912.000000
281474976710655.000000	14.366357	711	1437631104.000000
281474976710655.000000	13.827392	712	1438679040.000000
281474976710655.000000	14.522060	713	1439703040.000000
281474976710655.000000	13.547495	714	1440759424.000000
281474976710655.000000	14.011373	715	1441776256.000000
281474976710655.000000	13.897669	716	1442836992.000000
281474976710655.000000	13.750683	717	1443854208.000000
281474976710655.000000	14.216327	718	1444910592.000000
281474976710655.000000	13.950544	719	1445933056.000000
281474976710655.000000	13.675914	720	1446983808.000000
281474976710655.000000	13.632051	721	1448012032.000000
281474976710655.000000	13.929799	722	1449057152.000000
281474976710655.000000	14.090664	723	1450090496.000000
281474976710655.000000	13.904408	724	1451132288.000000
281474976710655.000000	13.566274	725	1452167808.000000
281474976710655.000000	14.135707	726	1453208704.000000
281474976710655.000000	14.264956	727	1454243712.000000
281474976710655.000000	13.240553	728	1455284480.000000
281474976710655.000000	13.890661	729	1456320512.000000
281474976710655.000000	14.037232	730	1457361024.000000
281474976710655.000000	13.598923	731	1458396928.000000
281474976710655.000000	13.916417	732	1459437056.000000
281474976710655.000000	13.469205	733	1460473344.000000
281474976710655.000000	13.662711	734	1461513472.000000
281474976710655.000000	13.913905	735	1462549248.000000
281474976710655.000000	13.473989	736	1463589504.000000
281474976710655.000000	13.763681	737	1464625280.000000
281474976710655.000000	13.120386	738	1465666560.000000
281474976710655.000000	13.807521	739	1466700416.000000
281474976710655.000000	13.837559	740	1467743744.000000
281474976710655.000000	13.626201	741	1468774528.000000
281474976710655.000000	13.627039	742	1469822848.000000
281474976710655.000000	13.383981	743	1470848384.000000
281474976710655.000000	13.535151	744	1471901696.000000
281474976710655.000000	13.350488	745	1472922112.000000
281474976710655.000000	13.810050	746	1473980032.000000
281474976710655.000000	13.618851	747	1474997632.000000
281474976710655.000000	13.174224	748	1476056192.000000
281474976710655.000000	13.297874	749	1477074560.000000
281474976710655.000000	13.623220	750	1478129920.000000
281474976710655.000000	13.483338	751	1479154176.000000
281474976710655.000000	13.150895	752	1480202496.000000
281474976710655.000000	13.630548	753	1481234048.000000
281474976710655.000000	13.169138	754	1482276224.000000
281474976710655.000000	13.499743	755	1483312128.000000
281474976710655.000000	12.926958	756	1484351616.000000
281474976710655.000000	13.315911	757	1485387392.000000
281474976710655.000000	13.164947	758	1486429184.000000
281474976710655.000000	13.176052	759	1487461632.000000
281474976710655.000000	13.062321	760	1488507648.000000
281474976710655.000000	12.928765	761	1489535616.000000
281474976710655.000000	12.960160	762	1490586368.000000
281474976710655.000000	13.325745	763	1491609472.000000
281474976710655.000000	13.175156	764	1492664704.000000
281474976710655.000000	12.815448	765	1493684224.000000
281474976710655.000000	13.262832	766	1494741760.000000
281474976710655.000000	13.322597	767	1495760256.000000
281474976710655.000000	12.747754	768	1496818304.000000
281474976710655.000000	13.086355	769	1497836160.000000
281474976710655.000000	13.157440	770	1498894848.000000
281474976710655.000000	13.293029	771	1499912448.000000
281474976710655.000000	12.844073	772	1500970752.000000
281474976710655.000000	13.246752	773	1501988352.000000
281474976710655.000000	13.029094	774	1503047168.000000
281474976710655.000000	13.445642	775	1504065152.000000
281474976710655.000000	12.665371	776	1505122944.000000
281474976710655.000000	12.857093	777	1506141952.000000
281474976710655.000000	12.796345	778	1507197696.000000
281474976710655.000000	13.203045	779	1508219264.000000
281474976710655.000000	12.793814	780	1509272320.000000
281474976710655.000000	12.472110	781	1510297472.000000
281474976710655.000000	12.671662	782	1511346048.000000
281474976710655.000000	12.358536	783	1512375808.000000
281474976710655.000000	12.870327	784	1513419776.000000
281474976710655.000000	12.864448	785	1514454016.000000
281474976710655.000000	13.016751	786	1515494912.000000
281474976710655.000000	12.878252	787	1516531328.000000
281474976710655.000000	13.172266	788	1517570944.000000
281474976710655.000000	12.918320	789	1518606848.000000
281474976710655.000000	12.822194	790	1519648640.000000
281474976710655.000000	12.842637	791	1520680192.000000
281474976710655.000000	12.374692	792	1521727872.000000
281474976710655.000000	12.862061	793	1522753024.000000
281474976710655.000000	12.676616	794	1523807104.000000
281474976710655.000000	12.475993	795	1524826880.000000
281474976710655.000000	12.301287	796	1525885056.000000
281474976710655.000000	12.686182	797	1526902272.000000
281474976710655.000000	12.326601	798	1527961600.000000
281474976710655.000000	12.886317	799	1528979200.000000
281474976710655.000000	12.594748	800	1530036736.000000
281474976710655.000000	12.934045	801	1531056640.000000
281474976710655.000000	12.810471	802	1532111104.000000
281474976710655.000000	12.377677	803	1533134208.000000
281474976710655.000000	12.318550	804	1534185856.000000
281474976710655.000000	12.327942	805	1535211776.000000
281474976710655.000000	12.209245	806	1536261120.000000
281474976710655.000000	12.183527	807	1537289088.000000
281474976710655.000000	12.188655	808	1538336512.000000
281474976710655.000000	12.002151	809	1539365376.000000
281474976710655.000000	11.978205	810	1540412416.000000
281474976710655.000000	12.278000	811	1541441792.000000
281474976710655.000000	11.964351	812	1542488704.000000
281474976710655.000000	12.393141	813	1543517312.000000
281474976710655.000000	12.009881	814	1544565504.000000
281474976710655.000000	12.171116	815	1545592448.000000
281474976710655.000000	12.080814	816	1546642688.000000
281474976710655.000000	12.080760	817	1547667712.000000
281474976710655.000000	11.880016	818	1548720256.000000
281474976710655.000000	12.432830	819	1549742720.000000
281474976710655.000000	12.122227	820	1550798080.000000
281474976710655.000000	12.120093	821	1551817472.000000
281474976710655.000000	12.084699	822	1552875520.000000
281474976710655.000000	12.515860	823	1553892864.000000
281474976710655.000000	11.771644	824	1554952320.000000
281474976710655.000000	12.054338	825	1555968768.000000
281474976710655.000000	12.418930	826	1557027712.000000
281474976710655.000000	11.968322	827	1558046080.000000
281474976710655.000000	12.000445	828	1559101568.000000
281474976710655.000000	11.980706	829	1560125568.000000
281474976710655.000000	11.902606	830	1561174912.000000
281474976710655.000000	12.031754	831	1562204160.000000
281474976710655.000000	12.398643	832	1563248000.000000
281474976710655.000000	12.472076	833	1564282880.000000
281474976710655.000000	11.928903	834	1565322752.000000
281474976710655.000000	11.882093	835	1566359808.000000
281474976710655.000000	11.983979	836	1567398784.000000
281474976710655.000000	12.242394	837	1568435840.000000
281474976710655.000000	11.735024	838	1569475072.000000
281474976710655.000000	12.043112	839	1570510592.000000
281474976710655.000000	11.491073	840	1571552512.000000
281474976710655.000000	11.907692	841	1572585088.000000
281474976710655.000000	11.589234	842	1573629696.000000
281474976710655.000000	12.084243	843	1574660608.000000
281474976710655.000000	11.588326	844	1575706880.000000
281474976710655.000000	11.616030	845	1576735616.000000
281474976710655.000000	11.541064	846	1577784320.000000
281474976710655.000000	11.729764	847	1578811136.000000
281474976710655.000000	11.526355	848	1579860608.000000
281474976710655.000000	11.617716	849	1580887680.000000
281474976710655.000000	11.583604	850	1581936768.000000
281474976710655.000000	11.693688	851	1582963328.000000
281474976710655.000000	11.341824	852	1584011776.000000
281474976710655.000000	11.670661	853	1585040768.000000
281474976710655.000000	11.462881	854	1586087296.000000
281474976710655.000000	11.560098	855	1587117568.000000
281474976710655.000000	11.423751	856	1588162176.000000
281474976710655.000000	11.484174	857	1589195136.000000
281474976710655.000000	11.452411	858	1590237056.000000
281474976710655.000000	11.517089	859	1591272704.000000
281474976710655.000000	11.352524	860	1592312448.000000
281474976710655.000000	11.529510	861	1593349504.000000
281474976710655.000000	11.516738	862	1594387840.000000
281474976710655.000000	11.740229	863	1595425920.000000
281474976710655.000000	11.527783	864	1596464640.000000
281474976710655.000000	11.749506	865	1597500800.000000
281474976710655.000000	11.418673	866	1598542208.000000
281474976710655.000000	11.695287	867	1599574912.000000
281474976710655.000000	11.217846	868	1600620416.000000
281474976710655.000000	11.455818	869	1601648256.000000
281474976710655.000000	11.217197	870	1602699520.000000
281474976710655.000000	11.818775	871	1603721856.000000
281474976710655.000000	11.249350	872	1604777600.000000
281474976710655.000000	11.219850	873	1605796480.000000
281474976710655.000000	11.235414	874	1606854912.000000
281474976710655.000000	11.359825	875	1607872128.000000
281474976710655.000000	10.930590	876	1608931328.000000
281474976710655.000000	11.504595	877	1609948416.000000
281474976710655.000000	11.143039	878	1611006848.000000
281474976710655.000000	11.425437	879	1612025216.000000
281474976710655.000000	11.199008	880	1613082368.000000
281474976710655.000000	11.378520	881	1614102016.000000
281474976710655.000000	11.065310	882	1615157632.000000
281474976710655.000000	11.173704	883	1616179200.000000
281474976710655.000000	11.156199	884	1617233536.000000
281474976710655.000000	11.474998	885	1618254976.000000
281474976710655.000000	11.116718	886	1619309568.000000
281474976710655.000000	11.515075	887	1620331520.000000
281474976710655.000000	11.180472	888	1621385600.000000
281474976710655.000000	11.060162	889	1622407040.000000
281474976710655.000000	11.130572	890	1623462016.000000
281474976710655.000000	11.072939	891	1624482688.000000
281474976710655.000000	10.982635	892	1625538560.000000
281474976710655.000000	11.409593	893	1626558592.000000
281474976710655.000000	11.127329	894	1627615616.000000
