num crossings	time (s)	maj axis (mm)	min axis (mm)	theta (rad )	slope (V/s)
1393	2290.052443	102.105470	20.201330	-1.498372	19.923660
1395	2292.130498	104.870603	23.175947	-1.510613	18.339492
1397	2294.206792	102.186949	22.316515	-1.492372	18.221297
1399	2296.284745	94.074713	19.133138	-1.445527	16.873561
1401	2298.360744	101.963693	20.036894	-1.478236	18.237299
1403	2300.438877	103.504016	20.278157	-1.475515	17.415713
1405	2302.516491	101.355337	22.178231	-1.477726	18.055620
1407	2304.595087	101.420936	22.980961	-1.471464	17.321993
1409	2306.670610	101.792329	19.992879	-1.462273	19.129756
1411	2308.745407	101.230092	15.529443	-1.438673	18.840757
1413	2310.822691	100.736877	22.134743	-1.459838	17.843991
1415	2312.902030	94.345501	18.772004	-1.408861	17.804541
1417	2314.981555	93.833336	18.512468	-1.413114	17.568737
1419	2317.056506	95.346319	15.720005	-1.429530	18.372166
1421	2319.131095	99.079673	15.690298	-1.427152	18.944780
1423	2321.211463	100.602914	17.267362	-1.425232	17.227424
1425	2323.290418	92.764422	18.604218	-1.395455	17.287630
1427	2325.366467	100.374489	21.468428	-1.431017	18.413316
1429	2327.441395	93.810505	18.735535	-1.382395	17.450241
1431	2329.518097	95.517663	16.495329	-1.407087	18.498848
1433	2331.598017	100.835986	16.450068	-1.404637	17.454495
1435	2333.677296	93.331338	18.538834	-1.370223	16.975197
1437	2335.754622	93.916912	15.995118	-1.396745	17.881991
1439	2337.832086	99.242488	19.996507	-1.408359	17.545506
1441	2339.909797	100.083233	15.569359	-1.385582	17.918631
1443	2341.987111	98.959967	21.080704	-1.399743	18.042248
1445	2344.064175	92.907586	18.484406	-1.351522	17.786434
1447	2346.141948	92.386879	18.722149	-1.348104	17.593238
1449	2348.218630	94.560314	16.093709	-1.360350	17.052751
1451	2350.294148	101.712244	17.406210	-1.377726	17.100082
1453	2352.369366	94.235516	15.605036	-1.351882	16.728567
1455	2354.446822	100.718795	16.635355	-1.366970	17.718500
1457	2356.526712	97.649018	22.559399	-1.365123	18.223845
1459	2358.605941	93.100363	18.762965	-1.328603	17.892004
1461	2360.682468	98.360529	19.881060	-1.357057	17.037321
1463	2362.756732	100.801165	17.163600	-1.353675	16.538448
1465	2364.833003	93.028209	18.592758	-1.318776	16.645168
1467	2366.912299	97.181320	20.857395	-1.354137	17.060991
1469	2368.991740	91.351773	18.628010	-1.309895	17.891329
1471	2371.069428	92.832404	15.784885	-1.323554	17.037271
1473	2373.145285	99.535914	16.609735	-1.334960	16.588507
1475	2375.220862	97.651648	19.700464	-1.334805	15.700752
1477	2377.296801	100.732951	16.616476	-1.327045	16.472510
1479	2379.373700	92.398483	15.590771	-1.309495	16.791596
1481	2381.450602	95.093473	15.134372	-1.324166	17.308864
1483	2383.527941	95.436789	14.559687	-1.316473	16.857349
1485	2385.605275	98.076043	15.676810	-1.306739	16.573133
1487	2387.682740	92.411949	15.541831	-1.301276	16.766764
1489	2389.760743	98.996404	16.798794	-1.308162	16.584492
1491	2391.839463	92.246740	18.431736	-1.269517	16.463086
1493	2393.918378	92.614546	18.118922	-1.265810	16.004387
1495	2395.996386	91.494025	15.014186	-1.290408	16.447278
1497	2398.072909	96.222586	19.930808	-1.301408	16.137974
1499	2400.148346	91.601712	14.608968	-1.285079	17.188707
1501	2402.223562	97.306841	15.340643	-1.275855	17.260182
1503	2404.300777	91.398180	15.513580	-1.266869	16.926386
1505	2406.380276	97.032876	16.654905	-1.275636	16.261067
1507	2408.459694	90.722345	18.323709	-1.242949	15.833104
1509	2410.536816	90.357018	18.527583	-1.244326	16.045146
1511	2412.612935	91.828164	18.210484	-1.241454	16.923530
1513	2414.688902	92.609215	18.310681	-1.237473	16.843491
1515	2416.764669	92.546970	18.343796	-1.229473	17.013537
1517	2418.840994	93.976356	20.466184	-1.260612	16.204489
1519	2420.917917	94.627425	19.596976	-1.252238	16.801314
1521	2422.995161	94.352571	19.682163	-1.256307	16.431593
1523	2425.072346	93.511720	20.492581	-1.251521	16.286536
1525	2427.149567	93.388705	20.470926	-1.247977	16.055545
1527	2429.226752	93.257363	20.445591	-1.243974	15.766874
1529	2431.304460	93.176340	20.365792	-1.239677	16.567314
1531	2433.382641	93.059203	20.156994	-1.235421	16.852608
1533	2435.461366	89.691575	15.153194	-1.218662	17.251706
1535	2437.540023	93.437641	19.502843	-1.231375	16.725823
1537	2439.618117	90.608622	18.031872	-1.188536	16.726135
1539	2441.694953	90.875238	18.097398	-1.185372	15.423912
1541	2443.770391	92.449664	18.032275	-1.185028	15.658448
1543	2445.845343	91.826667	18.363246	-1.182705	14.931939
1545	2447.921831	89.263887	14.244700	-1.204497	15.853673
1547	2449.999948	93.559335	15.028583	-1.190411	16.156284
1549	2452.079134	90.692669	18.413705	-1.177885	16.977970
1551	2454.157661	89.260570	14.850449	-1.195191	16.651574
1553	2456.235764	92.350323	19.467193	-1.201052	16.318275
1555	2458.313560	90.579165	18.068433	-1.162471	15.156619
1557	2460.390219	90.076008	18.244463	-1.157188	15.305812
1559	2462.466980	91.870480	19.305396	-1.179372	15.844031
1561	2464.543874	92.812226	15.222085	-1.168505	15.205334
1563	2466.620778	90.635046	18.080480	-1.148740	15.197102
1565	2468.698266	90.103378	18.199452	-1.145500	15.298839
1567	2470.775637	90.234171	17.740429	-1.141647	15.326984
1569	2472.853013	89.386544	17.981637	-1.139886	15.022161
1571	2474.930252	88.793611	18.166340	-1.138767	15.434853
1573	2477.006700	89.704314	18.053311	-1.137162	15.597223
1575	2479.082852	89.561898	18.224541	-1.135049	15.535333
1577	2481.158534	91.145184	18.029546	-1.130731	15.773533
1579	2483.234126	90.357621	18.202936	-1.124348	15.515637
1581	2485.310472	91.064426	18.010153	-1.118080	15.036852
1583	2487.388603	88.083984	15.120236	-1.128913	14.894148
1585	2489.467498	90.406458	15.016594	-1.125038	14.520127
1587	2491.546440	86.922752	14.265522	-1.129931	14.746223
1589	2493.624210	89.760732	19.446298	-1.138897	14.763825
1591	2495.701514	88.138010	18.098813	-1.105735	14.651842
1593	2497.777597	88.970728	19.262259	-1.128404	15.383987
1595	2499.854508	88.891094	19.121700	-1.124098	15.452132
1597	2501.931073	86.448639	16.730146	-1.086649	15.170983
1599	2504.007592	92.540422	14.968790	-1.104658	15.468565
1601	2506.084770	86.207420	14.908298	-1.105249	15.283598
1603	2508.162003	88.436705	13.053377	-1.081898	15.394216
1605	2510.239666	87.926587	18.089603	-1.086932	14.791236
1607	2512.317181	88.239416	17.925476	-1.081814	14.915440
1609	2514.395008	87.578605	17.969716	-1.078345	15.047512
1611	2516.472656	87.612111	19.025005	-1.097367	14.629769
1613	2518.550117	87.266397	17.804290	-1.068711	14.512289
1615	2520.626827	85.689174	14.491395	-1.088309	14.088418
1617	2522.702623	86.536918	15.649639	-1.077683	14.206893
1619	2524.777827	87.758949	19.184912	-1.087066	14.339506
1621	2526.853711	87.596027	14.647579	-1.062693	14.473748
1623	2528.929973	86.820148	19.340764	-1.078060	14.254979
1625	2531.007390	87.602794	18.875194	-1.067084	14.205519
1627	2533.085984	86.709081	13.217119	-1.042645	14.470681
1629	2535.164464	84.367839	15.249824	-1.056521	14.845835
1631	2537.242560	86.736813	12.905540	-1.036699	14.272480
1633	2539.320337	87.092032	17.743896	-1.043440	14.619371
1635	2541.398013	86.072573	18.764089	-1.059243	14.646514
1637	2543.474886	86.873945	17.718797	-1.036275	14.587887
1639	2545.552053	86.120942	17.776634	-1.032497	13.941234
1641	2547.629482	84.083374	16.554646	-1.022986	14.142964
1643	2549.706388	85.753527	12.982429	-1.018152	13.738911
1645	2551.783836	85.584307	18.677259	-1.044376	14.251202
1647	2553.860357	85.430228	18.647358	-1.040400	14.333776
1649	2555.936755	83.922178	16.709074	-1.003409	13.732672
1651	2558.012984	84.766287	15.615582	-1.022671	14.606571
1653	2560.089199	84.556467	15.502109	-1.017738	14.393350
1655	2562.164801	84.469487	12.569700	-0.992384	14.254021
1657	2564.240828	84.868028	17.791460	-1.006678	14.016560
1659	2566.317530	85.397184	18.885538	-1.010877	13.909404
1661	2568.395015	84.034540	15.408063	-1.002831	13.528117
1663	2570.473415	84.299614	13.910536	-0.989058	13.599139
1665	2572.552010	83.843136	17.716285	-0.992370	13.384558
1667	2574.630301	84.038565	18.886260	-1.005133	12.584294
1669	2576.708095	82.372258	15.162771	-0.997154	13.017301
1671	2578.785591	83.636383	13.076177	-0.970849	13.319474
1673	2580.862701	84.928565	17.747685	-0.986226	13.304074
1675	2582.939567	83.911916	17.923343	-0.983012	13.133718
1677	2585.016725	84.420546	17.534697	-0.978051	13.455393
1679	2587.093582	83.276869	17.654808	-0.974789	13.767365
1681	2589.170620	83.636150	17.669176	-0.972710	13.522979
