crossing time (s)	slope (V/s)	crossing number
281474976710655.000000	19.898836	2086	3283427840.000000
281474976710655.000000	21.354450	2087	3284479488.000000
281474976710655.000000	21.738482	2088	3285508864.000000
281474976710655.000000	21.108030	2089	3286553856.000000
281474976710655.000000	21.501789	2090	3287587328.000000
281474976710655.000000	20.183210	2091	3288630784.000000
281474976710655.000000	20.868423	2092	3289662464.000000
281474976710655.000000	20.419746	2093	3290710528.000000
281474976710655.000000	21.573071	2094	3291739648.000000
281474976710655.000000	20.549889	2095	3292788224.000000
281474976710655.000000	20.802597	2096	3293815296.000000
281474976710655.000000	19.727913	2097	3294866176.000000
281474976710655.000000	20.990561	2098	3295894016.000000
281474976710655.000000	21.205526	2099	3296942336.000000
281474976710655.000000	19.708519	2100	3297970432.000000
281474976710655.000000	21.038639	2101	3299019776.000000
281474976710655.000000	21.627069	2102	3300049920.000000
281474976710655.000000	20.550329	2103	3301094912.000000
281474976710655.000000	20.220116	2104	3302128128.000000
281474976710655.000000	18.959890	2105	3303173376.000000
281474976710655.000000	21.067482	2106	3304203520.000000
281474976710655.000000	20.604853	2107	3305252864.000000
281474976710655.000000	21.119301	2108	3306278912.000000
281474976710655.000000	20.716612	2109	3307331840.000000
281474976710655.000000	19.595131	2110	3308355328.000000
281474976710655.000000	21.096817	2111	3309408000.000000
281474976710655.000000	22.071627	2112	3310435328.000000
281474976710655.000000	19.665020	2113	3311481856.000000
281474976710655.000000	21.483292	2114	3312515072.000000
281474976710655.000000	20.342342	2115	3313560320.000000
281474976710655.000000	20.028725	2116	3314588160.000000
281474976710655.000000	21.398947	2117	3315641856.000000
281474976710655.000000	20.193216	2118	3316664576.000000
281474976710655.000000	20.787210	2119	3317716736.000000
281474976710655.000000	20.803034	2120	3318746112.000000
281474976710655.000000	19.503937	2121	3319791104.000000
281474976710655.000000	20.315977	2122	3320823552.000000
281474976710655.000000	20.018255	2123	3321870848.000000
281474976710655.000000	19.594847	2124	3322896896.000000
281474976710655.000000	20.070679	2125	3323951104.000000
281474976710655.000000	19.874645	2126	3324973824.000000
281474976710655.000000	20.503992	2127	3326027776.000000
281474976710655.000000	20.315979	2128	3327052800.000000
281474976710655.000000	20.611628	2129	3328102144.000000
281474976710655.000000	20.696991	2130	3329132288.000000
281474976710655.000000	19.981663	2131	3330178048.000000
281474976710655.000000	20.812450	2132	3331211008.000000
281474976710655.000000	19.506052	2133	3332255744.000000
281474976710655.000000	20.214590	2134	3333287680.000000
281474976710655.000000	19.842443	2135	3334333952.000000
281474976710655.000000	20.671812	2136	3335364608.000000
281474976710655.000000	18.748056	2137	3336411136.000000
281474976710655.000000	20.268801	2138	3337441536.000000
281474976710655.000000	20.116301	2139	3338489088.000000
281474976710655.000000	20.423029	2140	3339518976.000000
281474976710655.000000	19.656868	2141	3340565760.000000
281474976710655.000000	19.882891	2142	3341596928.000000
281474976710655.000000	19.639557	2143	3342642688.000000
281474976710655.000000	20.312473	2144	3343674880.000000
281474976710655.000000	19.895342	2145	3344719616.000000
281474976710655.000000	20.366749	2146	3345751808.000000
281474976710655.000000	19.899763	2147	3346797824.000000
281474976710655.000000	20.388952	2148	3347827200.000000
281474976710655.000000	20.000391	2149	3348877312.000000
281474976710655.000000	20.659595	2150	3349902592.000000
281474976710655.000000	19.460308	2151	3350956544.000000
281474976710655.000000	19.956470	2152	3351979520.000000
281474976710655.000000	19.590992	2153	3353031424.000000
281474976710655.000000	18.699602	2154	3354059520.000000
281474976710655.000000	17.680918	2155	3355106304.000000
281474976710655.000000	20.218706	2156	3356139520.000000
281474976710655.000000	19.601536	2157	3357182976.000000
281474976710655.000000	20.894230	2158	3358215168.000000
281474976710655.000000	19.499979	2159	3359262720.000000
281474976710655.000000	19.454876	2160	3360289536.000000
281474976710655.000000	19.285641	2161	3361342208.000000
281474976710655.000000	19.483070	2162	3362366720.000000
281474976710655.000000	18.982925	2163	3363418368.000000
281474976710655.000000	19.267254	2164	3364446464.000000
281474976710655.000000	19.112110	2165	3365492736.000000
281474976710655.000000	20.166794	2166	3366525952.000000
281474976710655.000000	19.386478	2167	3367569152.000000
281474976710655.000000	20.102787	2168	3368602624.000000
281474976710655.000000	19.054493	2169	3369647616.000000
281474976710655.000000	19.666452	2170	3370678016.000000
281474976710655.000000	18.585035	2171	3371726848.000000
281474976710655.000000	19.667082	2172	3372753920.000000
281474976710655.000000	19.150885	2173	3373805312.000000
281474976710655.000000	19.398903	2174	3374830592.000000
281474976710655.000000	18.880304	2175	3375883264.000000
281474976710655.000000	19.685787	2176	3376907264.000000
281474976710655.000000	19.100916	2177	3377960448.000000
281474976710655.000000	19.362555	2178	3378984448.000000
281474976710655.000000	18.964329	2179	3380037888.000000
281474976710655.000000	19.263716	2180	3381061888.000000
281474976710655.000000	19.091002	2181	3382115072.000000
281474976710655.000000	18.676157	2182	3383139328.000000
281474976710655.000000	18.984106	2183	3384192512.000000
281474976710655.000000	18.759638	2184	3385216512.000000
281474976710655.000000	18.962605	2185	3386269184.000000
281474976710655.000000	19.395464	2186	3387294464.000000
281474976710655.000000	19.524576	2187	3388344832.000000
281474976710655.000000	19.351078	2188	3389373184.000000
281474976710655.000000	19.029310	2189	3390420224.000000
281474976710655.000000	19.629412	2190	3391452416.000000
281474976710655.000000	18.733152	2191	3392496384.000000
281474976710655.000000	18.998329	2192	3393530112.000000
281474976710655.000000	18.438541	2193	3394574336.000000
281474976710655.000000	19.084635	2194	3395605760.000000
281474976710655.000000	18.389557	2195	3396653312.000000
281474976710655.000000	19.609587	2196	3397680640.000000
281474976710655.000000	18.606169	2197	3398732800.000000
281474976710655.000000	18.554899	2198	3399756544.000000
281474976710655.000000	18.351625	2199	3400809984.000000
281474976710655.000000	18.939949	2200	3401835520.000000
281474976710655.000000	18.408834	2201	3402884608.000000
281474976710655.000000	19.164637	2202	3403915520.000000
281474976710655.000000	18.236303	2203	3404959744.000000
281474976710655.000000	18.744314	2204	3405993984.000000
281474976710655.000000	18.328463	2205	3407037440.000000
281474976710655.000000	18.785572	2206	3408070144.000000
281474976710655.000000	18.665035	2207	3409116416.000000
281474976710655.000000	18.617119	2208	3410145024.000000
281474976710655.000000	18.632875	2209	3411195648.000000
281474976710655.000000	18.919518	2210	3412220928.000000
281474976710655.000000	18.305185	2211	3413273856.000000
281474976710655.000000	17.725809	2212	3414298112.000000
281474976710655.000000	18.023783	2213	3415351296.000000
281474976710655.000000	19.201422	2214	3416375296.000000
281474976710655.000000	18.455408	2215	3417428736.000000
281474976710655.000000	19.193787	2216	3418452736.000000
281474976710655.000000	18.438921	2217	3419505152.000000
281474976710655.000000	18.689220	2218	3420530432.000000
281474976710655.000000	17.731499	2219	3421582080.000000
281474976710655.000000	19.034168	2220	3422607616.000000
281474976710655.000000	17.955469	2221	3423659520.000000
281474976710655.000000	18.648149	2222	3424684800.000000
281474976710655.000000	17.864985	2223	3425737216.000000
281474976710655.000000	18.189121	2224	3426761728.000000
281474976710655.000000	18.438894	2225	3427814400.000000
281474976710655.000000	18.965715	2226	3428838912.000000
281474976710655.000000	17.927124	2227	3429891840.000000
281474976710655.000000	18.556004	2228	3430916352.000000
281474976710655.000000	18.620697	2229	3431968512.000000
281474976710655.000000	18.058308	2230	3432994560.000000
281474976710655.000000	18.361961	2231	3434043904.000000
281474976710655.000000	18.320198	2232	3435073792.000000
281474976710655.000000	18.037760	2233	3436119296.000000
281474976710655.000000	19.331684	2234	3437152768.000000
281474976710655.000000	17.651728	2235	3438195968.000000
281474976710655.000000	18.645761	2236	3439230208.000000
281474976710655.000000	17.843548	2237	3440273920.000000
281474976710655.000000	18.248093	2238	3441305088.000000
281474976710655.000000	17.483707	2239	3442353408.000000
281474976710655.000000	18.337324	2240	3443380224.000000
281474976710655.000000	17.674334	2241	3444432640.000000
281474976710655.000000	18.259514	2242	3445456640.000000
281474976710655.000000	17.805822	2243	3446510080.000000
281474976710655.000000	18.220533	2244	3447534336.000000
281474976710655.000000	17.742065	2245	3448585472.000000
281474976710655.000000	18.027056	2246	3449613056.000000
281474976710655.000000	18.279400	2247	3450661376.000000
281474976710655.000000	18.520800	2248	3451691776.000000
281474976710655.000000	17.680256	2249	3452737536.000000
281474976710655.000000	18.155792	2250	3453770240.000000
281474976710655.000000	17.357298	2251	3454814208.000000
281474976710655.000000	17.938206	2252	3455847680.000000
281474976710655.000000	17.470705	2253	3456890880.000000
281474976710655.000000	18.295784	2254	3457924608.000000
281474976710655.000000	18.002857	2255	3458968320.000000
281474976710655.000000	18.210461	2256	3460001792.000000
281474976710655.000000	17.380068	2257	3461045760.000000
281474976710655.000000	18.051165	2258	3462078720.000000
281474976710655.000000	17.807352	2259	3463123200.000000
281474976710655.000000	17.750565	2260	3464155904.000000
281474976710655.000000	17.727688	2261	3465200384.000000
281474976710655.000000	17.941730	2262	3466233600.000000
281474976710655.000000	17.212389	2263	3467277312.000000
281474976710655.000000	18.237080	2264	3468311040.000000
281474976710655.000000	17.321201	2265	3469354240.000000
281474976710655.000000	17.956059	2266	3470388224.000000
281474976710655.000000	17.404829	2267	3471431680.000000
281474976710655.000000	18.285149	2268	3472464896.000000
281474976710655.000000	17.354635	2269	3473509888.000000
281474976710655.000000	17.916365	2270	3474541056.000000
281474976710655.000000	17.320446	2271	3475588352.000000
281474976710655.000000	17.626059	2272	3476616192.000000
281474976710655.000000	17.122208	2273	3477667072.000000
281474976710655.000000	17.950748	2274	3478691584.000000
281474976710655.000000	17.438473	2275	3479745280.000000
281474976710655.000000	17.685547	2276	3480769536.000000
281474976710655.000000	17.508272	2277	3481822208.000000
281474976710655.000000	17.254135	2278	3482847488.000000
281474976710655.000000	17.362688	2279	3483898112.000000
281474976710655.000000	18.118393	2280	3484926208.000000
281474976710655.000000	16.888090	2281	3485972736.000000
281474976710655.000000	17.748375	2282	3487005440.000000
281474976710655.000000	17.113335	2283	3488050176.000000
281474976710655.000000	17.685341	2284	3489082624.000000
281474976710655.000000	17.324463	2285	3490126848.000000
281474976710655.000000	18.094252	2286	3491159296.000000
281474976710655.000000	17.197634	2287	3492204800.000000
281474976710655.000000	17.507912	2288	3493235456.000000
281474976710655.000000	17.004072	2289	3494283008.000000
281474976710655.000000	17.137403	2290	3495311616.000000
281474976710655.000000	17.100439	2291	3496361472.000000
281474976710655.000000	17.518217	2292	3497387776.000000
281474976710655.000000	17.000677	2293	3498439168.000000
281474976710655.000000	17.520500	2294	3499464448.000000
281474976710655.000000	17.127024	2295	3500517120.000000
281474976710655.000000	17.138538	2296	3501541120.000000
281474976710655.000000	16.527040	2297	3502594560.000000
281474976710655.000000	17.447079	2298	3503618304.000000
281474976710655.000000	17.082088	2299	3504671744.000000
281474976710655.000000	17.236296	2300	3505695488.000000
281474976710655.000000	16.711792	2301	3506748672.000000
281474976710655.000000	17.252716	2302	3507773184.000000
281474976710655.000000	16.907991	2303	3508825088.000000
281474976710655.000000	17.650234	2304	3509851136.000000
281474976710655.000000	16.985819	2305	3510901760.000000
281474976710655.000000	16.836189	2306	3511929344.000000
281474976710655.000000	16.934692	2307	3512977664.000000
281474976710655.000000	17.274717	2308	3514007808.000000
281474976710655.000000	16.791178	2309	3515054336.000000
281474976710655.000000	17.287174	2310	3516086016.000000
281474976710655.000000	17.129883	2311	3517130752.000000
281474976710655.000000	17.477589	2312	3518163200.000000
281474976710655.000000	16.601374	2313	3519207936.000000
281474976710655.000000	17.098497	2314	3520239616.000000
281474976710655.000000	16.555944	2315	3521286144.000000
281474976710655.000000	17.365568	2316	3522315264.000000
281474976710655.000000	16.913099	2317	3523365120.000000
281474976710655.000000	17.787926	2318	3524390912.000000
281474976710655.000000	16.255894	2319	3525443584.000000
281474976710655.000000	17.575169	2320	3526467328.000000
281474976710655.000000	16.698513	2321	3527521792.000000
281474976710655.000000	17.604074	2322	3528544256.000000
281474976710655.000000	16.655647	2323	3529598464.000000
281474976710655.000000	18.081257	2324	3530621696.000000
281474976710655.000000	16.644045	2325	3531675136.000000
281474976710655.000000	16.913820	2326	3532699904.000000
281474976710655.000000	16.937845	2327	3533751296.000000
281474976710655.000000	16.847698	2328	3534778112.000000
281474976710655.000000	16.554085	2329	3535827200.000000
281474976710655.000000	17.418396	2330	3536856576.000000
281474976710655.000000	16.889191	2331	3537903616.000000
281474976710655.000000	17.721289	2332	3538934272.000000
281474976710655.000000	17.051365	2333	3539980544.000000
281474976710655.000000	16.970152	2334	3541011712.000000
281474976710655.000000	16.560089	2335	3542057216.000000
281474976710655.000000	17.074821	2336	3543089152.000000
281474976710655.000000	16.929441	2337	3544134400.000000
281474976710655.000000	16.725924	2338	3545166336.000000
281474976710655.000000	16.539562	2339	3546211840.000000
281474976710655.000000	16.990940	2340	3547243264.000000
281474976710655.000000	16.445414	2341	3548289024.000000
281474976710655.000000	16.928011	2342	3549320192.000000
281474976710655.000000	16.849426	2343	3550366720.000000
281474976710655.000000	16.744719	2344	3551396608.000000
281474976710655.000000	16.440083	2345	3552444672.000000
281474976710655.000000	16.885998	2346	3553472768.000000
281474976710655.000000	16.595160	2347	3554522880.000000
281474976710655.000000	16.849607	2348	3555548416.000000
281474976710655.000000	16.282650	2349	3556601344.000000
281474976710655.000000	16.320660	2350	3557624832.000000
281474976710655.000000	15.837475	2351	3558679552.000000
281474976710655.000000	16.399660	2352	3559701760.000000
281474976710655.000000	16.607893	2353	3560756480.000000
281474976710655.000000	16.968483	2354	3561779456.000000
281474976710655.000000	16.376341	2355	3562832896.000000
281474976710655.000000	16.875273	2356	3563857664.000000
281474976710655.000000	15.945113	2357	3564908544.000000
281474976710655.000000	16.804649	2358	3565936384.000000
281474976710655.000000	16.201307	2359	3566984192.000000
281474976710655.000000	16.818434	2360	3568014592.000000
281474976710655.000000	16.237429	2361	3569060352.000000
281474976710655.000000	16.856253	2362	3570092800.000000
281474976710655.000000	15.993461	2363	3571137024.000000
281474976710655.000000	16.233374	2364	3572170752.000000
281474976710655.000000	16.024496	2365	3573214464.000000
281474976710655.000000	16.728106	2366	3574247680.000000
281474976710655.000000	16.647791	2367	3575291904.000000
281474976710655.000000	16.751545	2368	3576324352.000000
281474976710655.000000	16.144878	2369	3577369600.000000
281474976710655.000000	16.686861	2370	3578401024.000000
281474976710655.000000	16.290977	2371	3579447296.000000
281474976710655.000000	16.605465	2372	3580477184.000000
281474976710655.000000	16.147598	2373	3581524736.000000
281474976710655.000000	16.253798	2374	3582554624.000000
281474976710655.000000	16.075644	2375	3583602432.000000
281474976710655.000000	16.330225	2376	3584631296.000000
281474976710655.000000	15.914296	2377	3585679360.000000
281474976710655.000000	16.452803	2378	3586708736.000000
281474976710655.000000	16.176014	2379	3587756032.000000
281474976710655.000000	16.190302	2380	3588786176.000000
281474976710655.000000	16.714134	2381	3589832960.000000
281474976710655.000000	16.391380	2382	3590864128.000000
281474976710655.000000	16.416191	2383	3591909120.000000
281474976710655.000000	16.232540	2384	3592941824.000000
281474976710655.000000	16.541584	2385	3593986304.000000
281474976710655.000000	16.474621	2386	3595019776.000000
281474976710655.000000	16.023764	2387	3596062976.000000
281474976710655.000000	16.680073	2388	3597097216.000000
281474976710655.000000	15.805555	2389	3598140416.000000
281474976710655.000000	16.820520	2390	3599173888.000000
