num crossings	time (s)	maj axis (mm)	min axis (mm)	theta (rad )	slope (V/s)
18629	496323.828655	88.640205	8.618208	1.601415	21.780906
18631	496325.901428	87.664772	8.639236	1.631031	22.231484
18633	496327.988879	86.213486	7.755346	1.612795	22.773977
18635	496330.081096	87.110213	8.632969	1.615276	22.708000
18637	496332.168894	88.538704	8.864568	1.608189	22.759987
18639	496334.251140	81.405678	8.755057	1.600837	23.219926
18641	496336.330070	88.305223	8.631039	1.612303	22.831835
18643	496338.408436	85.443657	8.585745	1.618337	23.068379
18645	496340.488962	85.247115	9.185904	1.626641	21.966757
18647	496342.570627	88.470526	8.328597	1.606500	21.712938
18649	496344.653698	85.802776	7.879186	1.612752	22.379791
18651	496346.738965	84.727203	8.298479	1.619374	22.147618
18653	496348.825320	91.692939	5.835841	1.634469	21.636639
18655	496350.909136	86.410781	6.286519	1.627797	21.550606
18657	496352.988384	85.398842	9.169572	1.630440	21.479145
18659	496355.062431	80.416501	7.135214	1.620489	21.010763
18661	496357.135444	91.212949	13.654713	1.613214	20.392030
18663	496359.214223	83.303562	9.088643	1.632541	22.200041
18665	496361.306931	83.812239	8.598113	1.623279	21.760517
18667	496363.400556	84.814818	9.473640	1.656828	21.294369
18669	496365.480581	85.954581	9.073678	1.653696	21.471608
18671	496367.551722	93.269876	14.156343	1.617986	21.274161
18673	496369.624553	85.239219	7.371866	1.624739	21.233937
18675	496371.709037	83.256070	7.712167	1.633236	21.323478
18677	496373.802528	84.363010	9.285082	1.647017	21.726053
18679	496375.892525	83.238678	8.400740	1.646533	20.778414
18681	496377.975193	86.451190	10.277885	1.638405	20.733883
18683	496380.055992	83.002699	8.136243	1.643256	20.346815
18685	496382.136113	84.211439	8.660557	1.641431	20.298465
18687	496384.218091	84.903494	8.388358	1.642005	20.042200
18689	496386.301148	83.800162	8.939432	1.646298	20.399354
18691	496388.384424	83.295354	7.117752	1.645520	20.163725
18693	496390.467326	82.527235	9.040797	1.650232	20.476445
18695	496392.546072	84.415189	8.677866	1.624300	20.912436
18697	496394.618886	94.335906	1.517434	1.687563	21.039263
18699	496396.691886	83.230833	8.685696	1.655958	20.200358
18701	496398.773466	82.917576	9.706350	1.677466	20.479523
18703	496400.863320	82.204080	8.008978	1.655945	20.320501
18705	496402.955033	82.950137	9.023704	1.656311	19.822945
18707	496405.041299	82.525093	9.178045	1.659108	20.138908
18709	496407.119105	81.613335	9.189552	1.666717	19.898644
18711	496409.191613	83.995243	8.160877	1.670835	19.911355
18713	496411.265826	81.826909	8.618864	1.669525	19.612438
18715	496413.346202	82.108577	7.946195	1.665889	20.153693
18717	496415.430327	80.298418	9.102943	1.670111	19.684526
18719	496417.514665	81.797453	9.256725	1.666280	19.733032
18721	496419.597759	76.576893	8.221143	1.677338	19.961102
18723	496421.678914	82.374197	8.377836	1.661182	20.204886
18725	496423.758945	81.638065	8.531849	1.668733	19.852938
18727	496425.838244	82.261346	7.521279	1.668587	19.546911
18729	496427.920677	77.976217	7.532654	1.679858	20.331504
18731	496430.008823	81.169212	8.507433	1.662931	19.660904
18733	496432.101258	86.144863	4.098667	1.697567	19.392966
18735	496434.189665	81.034360	9.322329	1.681813	20.230419
18737	496436.271017	78.652903	9.216420	1.682310	19.747117
18739	496438.346665	82.086247	8.343345	1.681452	18.994402
18741	496440.420203	81.892877	7.510472	1.664980	18.871063
18743	496442.495392	86.501649	12.656926	1.676148	18.895934
18745	496444.575975	80.325830	6.548599	1.675710	19.799265
18747	496446.662478	80.681069	9.556252	1.686611	19.173012
18749	496448.751948	79.445859	8.374030	1.690269	19.091533
18751	496450.840047	81.268188	9.450819	1.692885	19.693842
18753	496452.925359	81.046658	9.008225	1.694434	19.055225
18755	496455.008526	81.083464	9.522461	1.692646	18.442825
18757	496457.090415	80.509545	9.687417	1.697155	19.487118
18759	496459.170813	79.814075	9.164211	1.698840	18.838296
18761	496461.249053	77.069891	8.410695	1.688135	18.555960
18763	496463.325303	80.862844	7.677346	1.715420	17.678711
18765	496465.400035	75.270325	9.360328	1.693537	18.553028
18767	496467.477683	79.967921	9.477536	1.712200	18.885545
18769	496469.560263	79.504590	7.854883	1.700493	18.768790
18771	496471.647221	78.084223	7.284702	1.701199	18.321896
18773	496473.736179	79.892757	9.651992	1.704100	18.615347
18775	496475.824699	78.987406	8.569580	1.713014	18.004954
18777	496477.910545	77.653146	8.046442	1.676581	18.128665
18779	496479.993167	78.103573	9.033984	1.687111	18.253450
18781	496482.071209	79.749266	8.614207	1.706409	18.179441
18783	496484.145941	78.570296	7.940485	1.708083	18.035984
18785	496486.221640	78.896891	9.149361	1.713469	18.500781
18787	496488.299107	79.135569	8.907643	1.716290	18.116929
18789	496490.379246	78.902760	8.828690	1.712044	18.382748
18791	496492.460728	78.536873	8.780817	1.709604	18.681034
18793	496494.542964	78.486605	8.321853	1.713462	18.517400
18795	496496.625624	78.278521	8.618280	1.722221	17.819836
18797	496498.709509	77.542479	8.758586	1.732720	18.227409
18799	496500.796264	79.426215	9.521206	1.722131	17.905617
18801	496502.885019	72.135840	8.764437	1.721374	18.069451
18803	496504.973690	81.153663	6.778981	1.733062	17.797995
18805	496507.059398	77.439086	6.812411	1.725622	17.901710
18807	496509.141125	74.285919	9.124786	1.727430	17.548334
18809	496511.219854	83.689855	12.000056	1.730010	17.830723
18811	496513.297311	73.157422	7.970382	1.723864	17.708481
18813	496515.373640	77.752604	7.776028	1.717520	17.726862
18815	496517.450261	87.293716	9.472126	1.735972	17.129235
18817	496519.528240	77.301294	8.896666	1.731924	18.441107
18819	496521.607447	76.568170	7.711516	1.722184	17.781422
18821	496523.689821	76.775223	9.754091	1.745194	17.169244
18823	496525.774466	73.757210	8.517470	1.739405	17.656723
18825	496527.860884	76.861692	7.847913	1.750144	17.579764
18827	496529.946618	75.403381	8.014640	1.732627	17.147004
18829	496532.031509	78.776112	6.140720	1.752029	17.402598
18831	496534.114886	75.439108	8.118123	1.727599	16.822671
18833	496536.196471	75.469801	7.654980	1.726684	16.651404
18835	496538.276578	76.019385	8.007863	1.730089	17.546187
18837	496540.354955	75.468961	7.994320	1.735069	17.381788
18839	496542.433111	75.046119	7.921523	1.744989	16.975451
18841	496544.511202	73.601735	8.648976	1.745620	17.096967
18843	496546.590713	76.090882	8.029878	1.747841	16.947792
18845	496548.672540	77.073200	9.694401	1.758217	17.082785
18847	496550.756392	75.712399	8.135236	1.749697	17.048428
18849	496552.840998	75.289757	8.176656	1.748576	16.641468
18851	496554.926767	74.569237	7.942537	1.749432	17.092964
18853	496557.012443	74.596939	7.956598	1.747419	17.122839
18855	496559.097841	75.128678	7.868117	1.741356	15.962173
18857	496561.183477	74.314789	7.963056	1.745530	16.311881
18859	496563.267977	74.042786	7.933291	1.736808	16.547029
18861	496565.352068	74.597265	8.333592	1.754916	16.057114
18863	496567.435239	72.623420	7.506464	1.757479	16.460011
18865	496569.515954	73.198186	8.015602	1.752759	16.639591
18867	496571.595070	74.132368	8.020175	1.751533	16.292278
18869	496573.672372	74.588202	7.753964	1.745066	15.981372
18871	496575.749925	75.870740	7.223004	1.785403	15.833442
18873	496577.828242	74.433308	8.891080	1.765939	15.313607
