time (s)	coil I (A)	last det (V)	int current (uC)
496327.200077	0.361495	370.019531	91.601562
496327.202079	0.400677	370.019531	91.601562
496327.204080	0.399436	4.393797	0.000940
496328.250157	0.402748	-92.968750	-149.804687
496328.252159	0.401453	4.415980	0.211002
496329.300183	0.398885	414.648437	77.050781
496329.302184	0.398851	4.387364	-0.010721
496330.344207	1.659851	-98.730469	-153.515625
496330.349641	0.400227	-98.730469	-153.515625
496330.351642	0.399532	4.394852	0.000379
496331.362176	0.393373	400.976562	85.839844
496331.364176	0.399428	400.976562	85.839844
496331.366178	0.398410	4.382507	-0.017938
496332.446221	0.399397	-95.898437	-157.324219
496332.448222	0.398543	4.383978	0.001828
496333.426761	0.399370	381.738281	95.605469
496333.428769	0.400924	4.410166	-0.012682
496334.507275	0.355755	-101.464844	-184.570312
496334.509277	0.400188	-101.464844	-184.570312
496334.511279	0.398922	4.388144	0.006235
496335.523303	0.373084	365.625000	100.488281
496335.525306	0.376030	365.625000	100.488281
496335.527305	0.398464	4.383101	-0.014253
496336.605381	0.402248	-91.308594	-170.703125
496336.609381	0.401528	4.416804	-0.001909
496337.619940	0.323722	350.000000	103.515625
496337.621943	0.400535	350.000000	103.515625
496337.623943	0.399185	4.391033	-0.013931
496338.669950	0.401286	-90.722656	-175.781250
496338.671953	0.400282	4.403103	0.000988
496339.685997	0.401578	319.238281	117.089844
496339.687998	0.400181	4.401986	0.098165
496340.766977	0.399501	-85.937500	-164.453125
496340.768978	0.398995	4.388950	-0.004976
496341.783028	0.401962	339.550781	105.175781
496341.785029	0.400707	4.407783	0.000684
496342.831012	0.395178	-89.062500	-173.144531
496342.833013	0.400135	-89.062500	-173.144531
496342.835014	0.399157	4.390723	-0.001107
496343.847515	0.401832	321.386719	116.796875
496343.849516	0.400492	4.405416	0.093497
496344.927574	0.362300	-89.941406	-172.949219
496344.929574	0.400285	-89.941406	-172.949219
496344.931579	0.399064	4.389703	-0.003261
496345.944519	0.401315	344.531250	104.492187
496345.946521	0.400192	4.402111	-0.012746
496346.992521	0.394369	-100.195312	-192.871094
496346.994524	0.399743	-100.195312	-192.871094
496346.996524	0.398709	4.385795	0.005936
496348.008547	0.398900	351.464844	106.835937
496348.010549	0.400051	4.400559	-0.010992
496349.090541	0.401187	-96.875000	-174.023437
496349.094540	0.399006	4.389065	0.004484
496350.105110	0.376244	371.875000	98.730469
496350.107110	0.400274	371.875000	98.730469
496350.109111	0.399157	4.390731	-0.019199
496351.188054	0.400951	-93.652344	-152.050781
496351.190056	0.399721	4.396935	0.002293
496352.170080	0.401267	379.101562	93.359375
496352.172082	0.402270	4.424966	-0.012703
496353.252095	0.402552	-104.101562	-159.765625
496353.254097	0.401224	4.413463	0.231483
496354.270089	0.399729	401.171875	80.273437
496354.272092	0.399002	4.389021	-0.011654
496355.314560	0.310703	-100.683594	-151.660156
496355.316562	0.400697	-100.683594	-151.660156
496355.318559	0.399352	4.392867	0.007407
496356.366598	0.401749	384.277344	86.425781
496356.368600	0.400905	4.409954	-0.008663
496357.415136	0.400187	-89.843750	-146.093750
496357.417138	0.399294	4.392229	-0.009805
496358.429683	0.400694	330.957031	102.636719
496358.431684	0.399417	4.393585	0.007580
496359.477659	0.400938	-87.695312	-164.648437
496359.479661	0.399844	4.398282	-0.007048
496360.525641	0.392502	324.902344	108.886719
496360.527643	0.400150	324.902344	108.886719
496360.529642	0.399120	4.390324	-0.002815
496361.573673	0.357687	-88.867187	-168.652344
496361.575680	0.400078	-88.867187	-168.652344
496361.577686	0.398910	4.388011	-0.001555
496362.590587	0.400857	335.742187	112.207031
496362.592590	0.399804	4.397839	-0.009986
496363.670611	0.335685	-96.386719	-163.769531
496363.672612	0.400781	-96.386719	-163.769531
496363.674612	0.399518	4.394702	0.005502
496364.654668	0.397990	361.914062	98.437500
496364.656669	0.399414	4.393559	-0.010008
496365.734709	0.300552	-104.003906	-155.957031
496365.736711	0.400898	-104.003906	-155.957031
496365.738712	0.399489	4.394373	0.014792
496366.754743	0.400394	363.964844	89.746094
496366.756746	0.399803	4.397830	0.401232
496367.833747	0.402463	-90.820312	-135.058594
496367.835750	0.401128	4.412409	0.131216
496368.847805	0.317475	351.953125	95.800781
496368.849805	0.400565	351.953125	95.800781
496368.851806	0.399151	4.390660	0.000512
496369.899842	0.400607	-86.914062	-150.683594
496369.901845	0.399766	4.397422	-0.009109
496370.945909	0.393831	326.855469	107.421875
496370.947910	0.400239	326.855469	107.421875
496370.949910	0.399239	4.391626	-0.000509
496371.963941	0.400329	-91.406250	-178.027344
496371.965943	0.399441	4.393851	0.001864
496373.011938	0.400119	316.113281	115.722656
496373.013938	0.399048	4.389526	-0.003732
496374.059977	0.401911	-98.730469	-189.453125
496374.061978	0.400648	4.407126	0.366382
496375.074046	0.354487	329.199219	116.015625
496375.076048	0.399820	329.199219	116.015625
496375.078050	0.398599	4.384590	-0.007210
496376.156074	0.395227	-95.214844	-163.476562
496376.158076	0.399898	-95.214844	-163.476562
496376.160074	0.398858	4.387434	0.007624
496377.174984	0.399378	362.890625	101.171875
496377.176985	0.398643	4.385068	-0.015016
496378.253510	0.399509	-93.652344	-145.800781
496378.255511	0.399456	4.394019	0.003992
496379.235496	0.346046	369.238281	97.851562
496379.237499	0.399899	369.238281	97.851562
496379.239498	0.398711	4.385822	-0.009854
496380.317552	2.130193	-99.707031	-150.292969
496380.319555	0.399654	-99.707031	-150.292969
496380.321557	0.398601	4.384607	0.012712
496381.333579	0.398904	383.300781	90.136719
496381.335581	0.400132	4.401454	-0.011970
496382.411082	1.882608	-98.730469	-145.800781
496382.416321	0.401657	-98.730469	-145.800781
496382.418322	0.400624	4.406861	0.003710
496383.397277	1.324030	364.257812	95.507812
496383.399275	0.400106	364.257812	95.507812
496383.401276	0.398979	4.388772	-0.002590
496384.479316	0.398672	-101.269531	-149.023437
496384.481317	0.399995	4.399948	0.012640
496385.495351	0.400948	370.800781	94.238281
496385.497352	0.400243	4.402669	-0.013064
496386.578304	0.400275	-100.683594	-149.121094
496386.580308	0.399390	4.393292	0.004800
496387.558865	0.370990	337.109375	101.562500
496387.560867	0.399627	337.109375	101.562500
496387.562867	0.398466	4.383128	-0.005546
496388.641467	0.401859	-105.761719	-162.207031
496388.643469	0.400467	4.405132	0.146473
496389.663511	0.397944	365.332031	95.898437
496389.665515	0.397569	4.373263	0.358566
496390.737533	0.382793	-102.734375	-168.652344
496390.739535	0.399761	-102.734375	-168.652344
496390.741535	0.398719	4.385910	0.006051
496391.721551	0.400367	303.808594	120.214844
496391.725548	0.398150	4.379653	-0.003641
496392.802145	0.393408	-103.320312	-186.914062
496392.804146	0.400032	-103.320312	-186.914062
496392.806147	0.399014	4.389154	0.010136
496393.818121	0.397408	305.078125	122.460937
496393.820122	0.400028	4.400303	-0.004517
496394.902113	0.399754	-88.085937	-163.378906
496394.904115	0.398962	4.388578	0.131405
496395.914635	0.366580	285.156250	125.488281
496395.916637	0.399665	285.156250	125.488281
496395.918635	0.398478	4.383260	0.002185
496396.963212	0.366879	-91.699219	-167.773437
496396.965213	0.399969	-91.699219	-167.773437
496396.967214	0.398766	4.386424	-0.008196
496398.013203	0.401235	316.406250	109.375000
496398.015204	0.399833	4.398158	-0.002554
496399.027737	0.377099	-97.753906	-157.421875
496399.029739	0.399793	-97.753906	-157.421875
496399.031741	0.398715	4.385866	0.003201
496400.075787	0.327821	345.996094	97.460937
496400.077788	0.399981	345.996094	97.460937
496400.079789	0.398661	4.385272	0.001870
496401.125835	0.402977	-100.195312	-142.871094
496401.129836	0.401050	4.411549	0.006269
496402.145887	0.399794	335.156250	97.363281
496402.147888	0.399305	4.392353	0.177672
496403.222870	0.400136	-101.660156	-145.312500
496403.224872	0.399195	4.391148	0.012201
496404.239787	0.399625	362.011719	98.437500
496404.241789	0.398461	4.383066	-0.014640
496405.320370	0.401238	-101.074219	-159.472656
496405.322373	0.399819	4.398007	0.004505
496406.302886	0.399730	301.464844	122.265625
496406.304886	0.399932	4.399248	-0.009852
496407.384889	0.400172	-97.949219	-172.070312
496407.386891	0.398732	4.386052	0.007359
496408.400937	0.400198	288.183594	127.832031
496408.402940	0.398917	288.183594	127.832031
496408.404939	0.398171	4.379884	-0.003468
496409.448980	0.402063	-93.847656	-173.632812
496409.450984	0.400741	4.408154	0.029503
496410.497004	0.396906	288.671875	122.363281
496410.499005	0.400239	288.671875	122.363281
496410.501006	0.399249	4.391742	0.001077
496411.545081	0.374428	-87.695312	-153.710937
496411.547083	0.400111	-87.695312	-153.710937
496411.549083	0.398972	4.388693	-0.007214
496412.561098	0.386463	262.792969	120.214844
496412.565098	0.398910	262.792969	120.214844
496412.567100	0.398333	4.381665	0.016509
496413.611151	0.400402	-96.386719	-158.593750
496413.613154	0.399163	4.390793	-0.003138
496414.659242	0.400663	321.875000	105.371094
496414.663244	0.398453	4.382986	0.150502
496415.709299	0.401577	-96.093750	-145.507812
496415.711302	0.400713	4.407845	-0.005448
496416.723853	0.400339	285.546875	106.933594
496416.725855	0.398988	4.388870	0.008545
496417.772386	0.401707	-106.933594	-158.398437
496417.776387	0.399746	4.397201	0.314914
496418.821336	0.400346	329.394531	100.585937
496418.823336	0.399142	4.390563	-0.000366
496419.867876	0.352456	-99.511719	-143.554687
496419.869877	0.400237	-99.511719	-143.554687
496419.871877	0.399066	4.389730	0.000489
496420.883948	0.374734	296.582031	105.175781
496420.885950	0.400784	296.582031	105.175781
496420.889947	0.398970	4.388675	0.010379
496421.932489	0.371985	-102.734375	-150.878906
496421.936488	0.399202	-102.734375	-150.878906
496421.938490	0.398482	4.383305	0.011200
496422.980493	0.312400	325.097656	103.027344
496422.984493	0.398738	325.097656	103.027344
496422.986495	0.397976	4.377739	0.004303
496424.030538	0.400472	-97.265625	-147.265625
496424.032541	0.399586	4.395446	-0.002966
496425.078574	0.391269	326.171875	104.394531
496425.080576	0.399883	326.171875	104.394531
496425.082575	0.398901	4.387913	0.000274
496426.096562	0.401577	-96.386719	-156.347656
496426.098565	0.400708	4.407791	0.001949
496427.142589	0.370755	251.269531	123.632812
496427.144590	0.400036	251.269531	123.632812
496427.146591	0.398913	4.388046	0.008863
496428.190601	0.312706	-90.429687	-156.542969
496428.192604	0.400895	-90.429687	-156.542969
496428.194605	0.399571	4.395278	-0.003910
496429.239491	0.349646	275.585937	126.464844
496429.241493	0.400475	275.585937	126.464844
496429.243491	0.399282	4.392105	0.001187
496430.288083	0.351402	-92.089844	-164.453125
496430.290084	0.400455	-92.089844	-164.453125
496430.292086	0.399244	4.391688	-0.001635
496431.306131	0.400005	283.203125	128.320312
496431.308133	0.398897	4.387869	-0.002342
496432.354111	0.400484	-107.128906	-190.039062
496432.356113	0.399107	4.390182	0.301967
496433.370105	0.399730	300.878906	124.414062
496433.372106	0.398440	4.382844	0.438786
496434.452094	0.400032	-104.296875	-163.769531
496434.454096	0.399012	4.389136	0.017503
496435.468191	0.399809	332.421875	109.960937
496435.470193	0.398856	4.387417	-0.014222
496436.546744	0.348592	-103.320312	-144.433594
496436.548746	0.400770	-103.320312	-144.433594
496436.550747	0.399547	4.395020	0.010337
496437.530724	0.398386	330.664062	103.222656
496437.532725	0.399362	4.392982	-0.000288
496438.610771	0.303185	-108.007812	-145.214844
496438.612772	0.400663	-108.007812	-145.214844
496438.614771	0.399315	4.392468	0.012197
496439.630806	0.398643	325.781250	100.878906
496439.632806	0.397869	4.376561	0.439594
496440.675347	0.328547	-107.519531	-150.585937
496440.677352	0.400339	-107.519531	-150.585937
496440.679357	0.399010	4.389110	0.015061
496441.727429	0.398823	312.890625	107.519531
496441.729430	0.398774	4.386513	0.007380
496442.773991	0.400770	-93.750000	-142.773437
496442.775992	0.399536	4.394897	-0.005135
496443.822026	0.398017	305.957031	113.085937
496443.824028	0.402487	305.957031	113.085937
496443.826030	0.401543	4.416973	0.000913
496444.838507	0.400618	-98.144531	-168.261719
496444.840510	0.399187	4.391059	0.003312
496445.887056	0.402401	271.191406	128.320312
496445.889057	0.401105	4.412151	0.091781
496446.935048	0.398372	-91.015625	-160.546875
496446.937049	0.401072	4.411797	0.002332
496447.949502	0.283155	223.437500	144.335937
496447.951504	0.400436	223.437500	144.335937
496447.953505	0.399004	4.389039	0.014180
496449.032435	0.400376	-91.992187	-158.105469
496449.036436	0.399150	4.390652	0.001401
496450.048493	0.401484	268.652344	136.132812
496450.050493	0.400218	4.402403	0.004397
496451.096578	0.398965	-105.371094	-180.566406
496451.098579	0.401810	4.419915	0.018707
496452.113148	0.402052	268.261719	136.425781
496452.115149	0.400723	4.407951	0.224313
496453.194166	0.400836	-104.296875	-170.898437
496453.196168	0.399613	4.395739	0.010634
496454.210719	0.400950	307.617187	119.140625
496454.214719	0.399058	4.389641	-0.012711
496455.293678	0.399327	-100.195312	-158.203125
496455.295678	0.398622	4.384847	0.007890
496456.276227	0.399438	299.023437	125.585937
496456.278229	0.398484	4.383323	-0.007458
496457.356180	0.401007	-104.296875	-166.992187
496457.358184	0.399701	4.396713	0.017106
496458.372182	0.400815	289.550781	129.003906
496458.374186	0.399612	4.395730	0.502965
496459.453139	0.400653	-95.703125	-153.222656
496459.455142	0.399227	4.391494	0.005718
496460.437181	0.400029	247.656250	142.187500
496460.439180	0.398955	4.388507	0.001394
496461.515755	0.325716	-97.851562	-164.257812
496461.517758	0.400845	-97.851562	-164.257812
496461.519757	0.399571	4.395278	0.011552
496462.532667	0.397975	263.085937	137.207031
496462.534669	0.399448	4.393931	0.002130
496463.581549	0.400049	-100.585937	-175.878906
496463.585550	0.398141	4.379547	0.015913
496464.633594	0.399633	259.667969	133.593750
496464.635596	0.398975	4.388729	0.001383
496465.677647	0.361661	-91.796875	-154.980469
496465.679649	0.399860	-91.796875	-154.980469
496465.681650	0.398616	4.384776	-0.000918
496466.697759	0.399987	209.472656	138.769531
496466.699761	0.399306	4.392371	0.019752
496467.742325	0.381898	-99.707031	-162.109375
496467.744328	0.398921	-99.707031	-162.109375
496467.746330	0.397850	4.376348	0.003524
496468.790378	0.339845	273.046875	121.289062
496468.794377	0.399264	273.046875	121.289062
496468.796380	0.398511	4.383624	0.009682
496469.840404	0.400899	-97.851562	-143.164062
496469.842405	0.399544	4.394985	0.037817
496470.854438	0.299817	249.218750	117.187500
496470.856440	0.401368	249.218750	117.187500
496470.858440	0.399988	4.399868	0.018471
496471.905385	0.400061	-111.132812	-150.878906
496471.907389	0.398830	4.387133	0.019043
496472.953407	0.401641	320.605469	104.785156
496472.955410	0.400357	4.403927	0.069822
496474.001435	0.397781	-109.375000	-140.625000
496474.003437	0.399874	4.398619	0.017505
496475.019483	0.400060	303.320312	108.691406
496475.021484	0.399232	4.391547	-0.000332
496476.098024	0.373560	-108.984375	-141.601562
496476.102023	0.398724	-108.984375	-141.601562
496476.104024	0.398009	4.378094	0.016160
496477.082008	0.401906	304.101562	113.964844
496477.084012	0.400969	4.410654	0.004767
496478.161979	0.334911	-118.164062	-163.476562
496478.163980	0.400220	-118.164062	-163.476562
496478.165981	0.398981	4.388791	0.036813
496479.180091	0.400629	306.445312	119.238281
496479.182092	0.399498	4.394480	-0.008062
496480.260094	0.398160	-105.468750	-157.324219
496480.262096	0.401258	-105.468750	-157.324219
496480.264095	0.400314	4.403458	0.017868
496481.242124	0.329905	252.050781	140.039062
496481.244125	0.401155	252.050781	140.039062
496481.246126	0.399888	4.398769	0.011708
496482.325044	0.401922	-106.054687	-171.679687
496482.327046	0.400620	4.406826	0.086903
496483.339060	1.643955	220.703125	149.023437
496483.341061	0.400579	220.703125	149.023437
496483.343063	0.399171	4.390882	0.009284
496484.423652	0.399746	-96.679687	-159.570312
496484.425652	0.398826	4.387089	0.004673
496485.437651	0.400811	222.558594	146.191406
496485.439652	0.400712	4.407836	0.007402
496486.486168	0.399348	-101.464844	-171.484375
496486.488170	0.399754	4.397290	0.011153
496487.536183	0.400102	248.632812	134.570312
496487.538185	0.398978	4.388755	0.004183
496488.550143	0.388751	-103.710937	-173.046875
496488.552145	0.399585	-103.710937	-173.046875
496488.554144	0.398519	4.383704	0.020350
496489.600148	0.399783	198.437500	141.210937
496489.602148	0.398553	4.384085	0.020510
496490.646694	0.344682	-99.023437	-157.714844
496490.648696	0.400798	-99.023437	-157.714844
496490.650696	0.399605	4.395650	0.004407
496491.698715	0.401636	240.136719	133.105469
496491.700717	0.400789	4.408678	0.087384
496492.710758	0.307458	-103.515625	-164.453125
496492.712758	0.400787	-103.515625	-164.453125
496492.714760	0.399386	4.393248	0.019891
496493.759627	0.342175	225.195312	135.742187
496493.761628	0.400735	225.195312	135.742187
496493.765626	0.398846	4.387311	0.026312
496494.809686	0.400815	-102.539062	-162.890625
496494.811689	0.399381	4.393186	0.005875
496495.860249	0.399449	232.031250	136.230469
496495.862250	0.398680	4.385485	0.097092
496496.904803	0.269341	-93.554687	-148.242187
496496.906804	0.402059	-93.554687	-148.242187
496496.908803	0.400691	4.407605	-0.001412
496497.923257	0.400673	204.882812	144.824219
496497.925260	0.399516	4.394675	0.026678
496498.971294	0.400388	-104.101562	-174.609375
496498.973297	0.398991	4.388897	0.011196
496500.021840	0.398889	236.718750	142.871094
496500.023842	0.398123	4.379352	0.135839
496501.067850	0.398729	-97.558594	-161.718750
496501.069851	0.400153	4.401685	0.009019
496502.084730	0.401325	193.164062	156.054687
496502.088731	0.399533	4.394861	0.554684
496503.164754	0.392062	-100.585937	-161.718750
496503.166756	0.399298	-100.585937	-161.718750
496503.168755	0.398270	4.380965	0.008277
496504.180789	0.398372	254.687500	140.429687
496504.182790	0.400043	4.400471	-0.002789
496505.230824	0.400845	-111.621094	-172.851562
496505.232828	0.399633	4.395960	0.030971
496506.244834	0.387543	250.195312	140.625000
496506.246835	0.399779	250.195312	140.625000
496506.250834	0.398146	4.379609	-0.001407
496507.327347	0.401061	-108.984375	-153.710937
496507.329350	0.399729	4.397015	0.024334
496508.311354	0.401661	266.406250	130.957031
496508.313357	0.400790	4.408687	0.007566
496509.423410	0.391683	-109.082031	-141.894531
496509.425412	0.400222	-109.082031	-141.894531
496509.427411	0.399192	4.391112	0.015131
496510.407484	0.400267	298.632812	117.382812
496510.409483	0.398840	4.387239	-0.000940
496511.489499	0.400976	-117.675781	-146.484375
496511.491501	0.399855	4.398406	0.023713
496512.504055	0.399721	310.644531	110.546875
496512.506057	0.399323	4.392557	-0.002158
496513.552119	0.388979	-116.406250	-142.382812
496513.554120	0.400231	-116.406250	-142.382812
496513.556120	0.399227	4.391502	0.035911
496514.568555	0.402435	282.226562	114.062500
496514.570557	0.401603	4.417637	0.012385
496515.648546	0.331057	-110.351562	-135.839844
496515.650547	0.400239	-110.351562	-135.839844
496515.652548	0.398987	4.388853	0.013421
496516.666569	0.400589	254.589844	118.359375
496516.668568	0.399395	4.393346	0.009630
496517.714543	0.400749	-113.769531	-146.582031
496517.716546	0.399374	4.393116	0.018683
496518.763108	0.400160	265.625000	120.800781
496518.765110	0.398688	4.385565	0.008576
496519.779658	0.399787	-115.722656	-159.472656
496519.781659	0.399721	4.396935	0.028834
496520.826211	0.362652	214.843750	132.324219
496520.830211	0.398665	214.843750	132.324219
496520.832213	0.397945	4.377394	0.025175
496521.874248	0.301952	-103.417969	-151.269531
496521.878249	0.399200	-103.417969	-151.269531
496521.880251	0.398377	4.382144	0.010153
496522.924287	0.401027	230.664062	136.718750
496522.926288	0.400724	4.407969	0.015374
496523.940324	0.400748	-112.402344	-177.050781
496523.942325	0.399443	4.393869	0.024110
496524.988914	0.401696	197.558594	147.558594
496524.990916	0.400520	4.405717	0.027092
496526.036963	0.396475	-108.203125	-175.781250
496526.038965	0.399695	-108.203125	-175.781250
496526.040964	0.398787	4.386655	0.013929
496527.086963	0.399994	203.808594	151.757812
496527.088965	0.398869	4.387559	0.013357
496528.135526	0.400138	-104.003906	-169.238281
496528.137527	0.400097	4.401065	0.009359
496529.151484	0.399890	199.609375	156.054687
496529.153486	0.398850	199.609375	156.054687
496529.155486	0.398225	4.380478	0.022051
496530.197503	0.326441	-108.593750	-176.269531
496530.199504	0.400114	-108.593750	-176.269531
496530.201503	0.398791	4.386699	0.032182
496531.247548	0.401155	213.964844	154.003906
496531.249550	0.399986	4.399850	0.004444
496532.300168	0.399556	-109.277344	-174.511719
496532.302171	0.399053	4.389579	0.018941
496533.310709	0.352257	200.878906	158.203125
496533.312710	0.356483	200.878906	158.203125
496533.314711	0.399883	4.398716	0.015023
496534.392767	0.397646	-102.441406	-159.472656
496534.394769	0.402151	-102.441406	-159.472656
496534.396768	0.401205	4.413250	0.013073
496535.410807	0.400679	228.320312	149.121094
496535.412809	0.399774	4.397511	0.000766
496536.456820	0.382072	-107.519531	-169.531250
496536.458823	0.399748	-107.519531	-169.531250
496536.460822	0.398610	4.384714	0.026260
496537.472814	0.390986	172.558594	163.281250
496537.474814	0.399829	172.558594	163.281250
496537.476816	0.398829	4.387115	0.017963
496538.553782	0.371563	-104.589844	-163.378906
496538.557782	0.401549	-104.589844	-163.378906
496538.559782	0.400929	4.410220	0.012987
496539.569857	0.385864	185.839844	160.449219
496539.571858	0.399440	185.839844	160.449219
496539.573859	0.398359	4.381948	0.008953
496540.617882	0.344350	-110.449219	-177.734375
496540.619885	0.400074	-110.449219	-177.734375
496540.621883	0.398846	4.387302	0.020119
496541.633929	0.366303	170.117187	160.839844
496541.635929	0.400096	170.117187	160.839844
496541.637930	0.398908	4.387993	0.033041
496542.683970	0.402287	-109.472656	-175.097656
496542.685972	0.400968	4.410645	0.312534
496543.732039	0.401119	180.957031	155.468750
496543.734042	0.400378	4.404158	0.023240
496544.780099	0.391677	-101.953125	-157.226562
496544.782101	0.399501	-101.953125	-157.226562
496544.784101	0.398555	4.384102	0.011869
496545.828127	0.357633	188.769531	149.414062
496545.830130	0.399918	188.769531	149.414062
496545.832130	0.398748	4.386230	0.013435
496546.844131	0.373203	-107.128906	-159.082031
496546.846134	0.400021	-107.128906	-159.082031
496546.848133	0.398987	4.388862	0.027308
496547.896121	0.401081	190.820312	143.359375
496547.898124	0.400309	4.403396	0.339243
496548.942217	0.402476	-105.371094	-146.582031
496548.944220	0.401570	4.417265	0.012331
496549.992250	0.404322	222.167969	134.765625
496549.994252	0.403328	4.436612	0.014764
496551.038782	0.391944	-107.128906	-139.453125
496551.040785	0.399977	-107.128906	-139.453125
496551.042784	0.398995	4.388950	0.006405
496552.055334	0.400465	234.375000	129.394531
496552.057338	0.399144	4.390581	0.082463
496553.103287	0.396827	-112.304687	-139.257812
496553.105287	0.401397	-112.304687	-139.257812
496553.107287	0.400391	4.404300	0.026088
496554.151762	0.392387	268.066406	122.558594
496554.153765	0.399700	268.066406	122.558594
496554.155764	0.398684	4.385529	0.009677
496555.199801	0.360535	-111.718750	-132.519531
496555.201803	0.400919	-111.718750	-132.519531
496555.205802	0.398976	4.388737	0.018699
496556.215846	0.377323	232.128906	124.707031
496556.217845	0.400082	232.128906	124.707031
496556.223844	0.397908	4.376986	0.019573
496557.264353	0.373525	-125.488281	-146.093750
496557.266354	0.400249	-125.488281	-146.093750
496557.268355	0.399163	4.390793	0.047125
496558.284400	0.400124	199.316406	127.148437
496558.286404	0.399526	4.394790	0.028139
496559.360953	0.319112	-119.140625	-137.011719
496559.362954	0.400973	-119.140625	-137.011719
496559.364954	0.399615	4.395765	0.035884
496560.376994	0.345362	237.695312	126.562500
496560.378996	0.399692	237.695312	126.562500
496560.380997	0.398494	4.383438	0.008453
496561.458981	0.390818	-115.625000	-133.593750
496561.464982	0.398233	-115.625000	-133.593750
496561.466982	0.397768	4.375453	0.027134
496562.443017	0.401694	202.929687	133.007812
496562.445019	0.400263	4.402891	0.243088
496563.523072	0.375754	-129.687500	-154.882812
496563.525074	0.400550	-129.687500	-154.882812
496563.527073	0.399439	4.393833	0.048126
496564.539128	0.388887	259.960937	131.738281
496564.541129	0.390682	259.960937	131.738281
496564.543130	0.398925	4.388170	0.004266
496565.623154	0.399370	-115.820312	-142.675781
496565.625156	0.398539	4.383925	0.033433
496566.603182	0.369282	195.117187	147.656250
496566.605184	0.399800	195.117187	147.656250
496566.607185	0.398576	4.384341	0.013060
496567.684120	0.330539	-122.363281	-160.253906
496567.686122	0.400011	-122.363281	-160.253906
496567.688121	0.398713	4.385839	0.057788
496568.700183	0.356471	239.746094	146.972656
496568.702185	0.400382	239.746094	146.972656
496568.704185	0.399167	4.390838	0.003134
496569.782157	0.394617	-116.113281	-160.156250
496569.784160	0.399889	-116.113281	-160.156250
496569.786158	0.399850	4.398353	0.033841
496570.764168	0.311801	181.250000	164.160156
496570.766169	0.400462	181.250000	164.160156
496570.768169	0.399204	4.391245	0.027717
496571.846165	0.377170	-121.582031	-177.929687
496571.848168	0.400213	-121.582031	-177.929687
496571.850167	0.399091	4.390005	0.047919
496572.865123	0.775360	197.753906	162.890625
496572.867128	0.398590	4.384492	0.160068
496573.943116	0.362057	-111.523437	-166.406250
496573.945118	0.400415	-111.523437	-166.406250
496573.947118	0.399328	4.392610	0.023257
496574.959672	0.398929	169.921875	169.238281
496574.961675	0.400475	4.405230	0.010957
496576.009749	0.401719	-113.476562	-174.609375
496576.011751	0.400673	4.407402	0.033174
496577.024273	0.401385	155.566406	170.605469
496577.026277	0.400915	4.410060	0.036478
496578.106340	0.402884	-108.496094	-165.234375
496578.108340	0.401636	4.418001	0.390507
496579.120359	0.352034	159.375000	167.675781
496579.122361	0.400549	159.375000	167.675781
496579.124360	0.399256	4.391821	0.027913
