time (s)	energy (uJ)	charge (mC)	voltage (mV)	crossing#mod 255
3645.935784	13.517590	0.002175	6.215427	126
3646.978686	20.665213	0.002130	9.700961	127
3648.008748	14.920897	0.002142	6.965089	128
3649.056816	14.535219	0.002140	6.791067	129
3650.084857	14.610024	0.002127	6.869450	130
3651.138907	12.190331	0.002140	5.695760	131
3652.161472	13.840974	0.002144	6.455079	132
3653.215525	14.162546	0.002127	6.658663	133
3654.242099	14.203902	0.002124	6.685768	134
3655.292654	12.240845	0.002118	5.778850	135
3656.320733	14.330932	0.002129	6.730344	136
3657.364794	15.013057	0.002149	6.985741	137
3658.399197	14.055547	0.002129	6.601013	138
3659.442146	13.750419	0.002138	6.431427	139
3660.476271	14.132302	0.002141	6.601971	140
3661.522855	13.852811	0.002124	6.522985	141
3662.551403	14.002644	0.002122	6.597475	142
3663.601910	14.701581	0.002141	6.865439	143
3664.625935	14.618624	0.002147	6.808075	144
3665.677755	14.121492	0.002131	6.625227	145
3666.706022	13.500143	0.002119	6.370427	146
3667.755953	14.448555	0.002154	6.707611	147
3668.780008	14.487213	0.002148	6.743063	148
3669.834036	13.453282	0.002131	6.312991	149
3670.860051	14.442951	0.002135	6.763444	150
3671.910111	14.408072	0.002140	6.733167	151
3672.936125	15.422435	0.002137	7.218439	152
3673.989041	14.036300	0.002131	6.587833	153
3675.016017	14.216356	0.002124	6.694562	154
3676.064157	14.688570	0.002130	6.896439	155
3677.089042	15.884031	0.002152	7.381215	156
3678.143023	11.940862	0.002154	5.543756	157
3679.169013	14.359776	0.002128	6.747625	158
3680.223592	13.579860	0.002135	6.360220	159
3681.244193	14.737276	0.002135	6.901530	160
3682.302228	13.522964	0.002139	6.322210	161
3683.322289	14.209606	0.002125	6.688118	162
3684.378321	13.809317	0.002123	6.504921	163
3685.398859	14.660390	0.002143	6.841786	164
3686.454930	13.691438	0.002121	6.455026	165
3687.476820	15.516670	0.002131	7.279878	166
3688.529518	14.123457	0.002118	6.666953	167
3689.557553	14.828569	0.002142	6.921246	168
3690.601408	15.370671	0.002130	7.217593	169
3691.637681	33.100918	0.002113	15.663630	170
3692.682218	13.138656	0.002128	6.172873	171
3693.710036	15.945304	0.002134	7.470356	172
3694.760260	14.245106	0.002133	6.677780	173
3695.786306	15.459890	0.002154	7.176405	174
3696.838781	14.232112	0.002145	6.635520	175
3697.861296	15.809205	0.002135	7.403704	176
3698.917382	15.039522	0.002142	7.022527	177
3699.940341	14.369308	0.002143	6.706719	178
3700.994388	15.062322	0.002124	7.092933	179
3702.019327	15.276780	0.002141	7.136500	180
3703.071888	14.216553	0.002121	6.701255	181
3704.100487	14.764300	0.002122	6.957499	182
3705.147010	14.018682	0.002114	6.631170	183
3706.179591	14.601148	0.002133	6.844798	184
3707.223598	13.697701	0.002123	6.452317	185
3708.253622	16.112103	0.002150	7.494297	186
3709.299672	14.734866	0.002133	6.909378	187
3710.331686	15.235605	0.002137	7.130313	188
3711.375770	15.219465	0.002142	7.105667	189
3712.407816	15.698608	0.002146	7.314751	190
3713.455889	14.165361	0.002125	6.664540	191
3714.483365	16.660810	0.002117	7.870172	192
3715.531243	14.784644	0.002141	6.905571	193
3716.563263	15.737390	0.002146	7.332184	194
3717.610272	14.189516	0.002140	6.630071	195
3718.640820	16.495726	0.002152	7.664771	196
3719.685785	14.822767	0.002143	6.917794	197
3720.719841	14.949220	0.002120	7.051266	198
3721.762370	14.705588	0.002137	6.881721	199
3722.794300	16.427443	0.002129	7.717578	200
3723.837899	15.476968	0.002149	7.201070	201
3724.872441	15.558932	0.002144	7.257071	202
3725.916480	15.563852	0.002136	7.286654	203
3726.948550	15.829035	0.002150	7.362207	204
3727.995127	15.788639	0.002134	7.396896	205
3729.027141	14.696026	0.002124	6.919026	206
3730.073737	16.259394	0.002166	7.506951	207
3731.100314	15.535537	0.002137	7.269688	208
3732.156377	14.297186	0.002134	6.700997	209
3733.177008	15.565184	0.002152	7.231976	210
3734.231006	14.555087	0.002129	6.837437	211
3735.257086	14.972779	0.002119	7.067430	212
3736.309148	14.559739	0.002135	6.820711	213
3737.333105	16.260218	0.002145	7.582224	214
3738.383163	14.577629	0.002136	6.826031	215
3739.413194	15.736506	0.002131	7.383018	216
3740.457758	15.785376	0.002141	7.374119	217
3741.491772	17.919693	0.002135	8.392219	218
3742.535798	15.292375	0.002132	7.172589	219
3743.570293	14.811436	0.002112	7.011629	220
3744.612901	15.719080	0.002141	7.341023	221
3745.646932	15.462452	0.002122	7.287317	222
3746.691429	15.264112	0.002142	7.124448	223
3747.723431	14.209538	0.002124	6.690207	224
3748.772030	15.157068	0.002126	7.129634	225
3749.799032	14.567291	0.002131	6.834691	226
3750.847023	16.312195	0.002132	7.652824	227
3751.875046	14.909444	0.002131	6.995047	228
3752.925055	16.034193	0.002122	7.557783	229
3753.951130	15.266056	0.002120	7.199658	230
3755.003211	15.981729	0.002144	7.455690	231
3756.027248	16.466022	0.002139	7.697819	232
3757.083299	14.943859	0.002118	7.054340	233
3758.105857	15.398218	0.002130	7.230227	234
3759.157951	15.742323	0.002126	7.405329	235
3760.181743	16.853952	0.002155	7.820144	236
3761.233966	16.218925	0.002130	7.613657	237
3762.259602	16.215998	0.002137	7.588984	238
3763.311960	15.589029	0.002109	7.391178	239
3764.338545	15.924441	0.002148	7.412845	240
3765.386633	16.385019	0.002142	7.647816	241
3766.416645	16.037565	0.002133	7.518325	242
3767.462648	16.396189	0.002153	7.615385	243
3768.496695	15.638945	0.002127	7.351122	244
3769.540745	15.435536	0.002126	7.259048	245
3770.575289	15.571079	0.002125	7.327280	246
3771.619303	14.952530	0.002129	7.022795	247
3772.651247	15.178455	0.002137	7.102860	248
3773.697303	15.079610	0.002124	7.099977	249
3774.725302	16.146927	0.002131	7.578189	250
3775.777345	14.612687	0.002139	6.831901	251
3776.799392	17.603912	0.002133	8.254128	252
3777.853828	15.813912	0.002142	7.383722	253
3778.877848	15.994720	0.002154	7.426504	254
3779.932442	13.578442	0.002147	6.323649	255
3780.954393	16.447901	0.002127	7.732437	0
3782.008425	16.387804	0.002163	7.577617	1
3783.030687	15.959053	0.002130	7.493598	2
3784.086996	15.645159	0.002161	7.241285	3
3785.111059	16.195070	0.002127	7.612879	4
3786.163059	15.500215	0.002120	7.310610	5
3787.191599	13.595870	0.002117	6.422313	6
3788.237599	16.110102	0.002128	7.571329	7
3789.267662	15.576998	0.002130	7.312073	8
3790.313696	16.198914	0.002130	7.604199	9
3791.343694	16.541500	0.002140	7.728303	10
3792.389746	16.657473	0.002132	7.813576	11
3793.421794	16.448812	0.002147	7.660006	12
3794.467826	15.950133	0.002128	7.496024	13
3795.500301	15.852488	0.002135	7.426687	14
3796.544920	16.000633	0.002130	7.511153	15
3797.576907	16.470852	0.002150	7.660942	16
3798.623471	15.881720	0.002122	7.485633	17
3799.658017	14.635799	0.002114	6.924794	18
3800.700479	15.832808	0.002144	7.386004	19
3801.732475	16.452591	0.002122	7.754996	20
3802.778949	15.578796	0.002121	7.346107	21
3803.809490	15.339921	0.002124	7.221003	22
3804.854044	17.116100	0.002137	8.009993	23
3805.882514	16.986177	0.002133	7.962434	24
3806.933190	17.837521	0.002133	8.361127	25
3807.960147	16.333776	0.002139	7.636343	26
3809.013119	15.933535	0.002135	7.463137	27
3810.035654	15.841191	0.002144	7.388417	28
3811.091762	15.646527	0.002118	7.388512	29
3812.112342	16.463316	0.002134	7.716184	30
3813.166406	16.887989	0.002139	7.895251	31
3814.188466	17.870296	0.002146	8.328882	32
3815.246951	15.224887	0.002119	7.185408	33
3816.267474	16.929897	0.002130	7.948765	34
3817.321470	15.942142	0.002129	7.486343	35
3818.344409	17.591808	0.002149	8.187317	36
3819.398471	15.627207	0.002144	7.287982	37
3820.423082	17.684181	0.002145	8.243467	38
3821.477701	14.368806	0.002113	6.798811	39
3822.502169	17.831812	0.002142	8.324665	40
3823.548627	16.522202	0.002152	7.678875	41
3824.580650	17.283590	0.002149	8.041516	42
3825.625190	16.723059	0.002136	7.829629	43
3826.657160	16.974709	0.002140	7.933000	44
3827.703212	16.872938	0.002126	7.937446	45
3828.735981	15.318400	0.002129	7.193736	46
3829.781161	16.749788	0.002131	7.859787	47
3830.811119	16.608616	0.002144	7.747950	48
3831.859171	16.705635	0.002132	7.834018	49
3832.889189	15.996544	0.002129	7.513109	50
3833.934855	17.921465	0.002118	8.460326	51
3834.965235	17.072243	0.002147	7.952430	52
3836.015256	16.361410	0.002129	7.686364	53
3837.041263	17.249260	0.002136	8.074821	54
3838.091254	16.938429	0.002139	7.918799	55
3839.119270	16.789883	0.002167	7.747977	56
3840.167323	17.480577	0.002143	8.156713	57
3841.197368	16.701635	0.002136	7.817458	58
3842.243111	18.574739	0.002125	8.741878	59
3843.273179	17.422419	0.002127	8.191836	60
3844.321439	17.645084	0.002132	8.276115	61
3845.351435	17.067450	0.002135	7.995548	62
3846.399492	16.332804	0.002128	7.673692	63
3847.429487	16.994499	0.002152	7.896071	64
3848.475547	17.097843	0.002135	8.008989	65
3849.507551	17.498077	0.002139	8.182167	66
3850.553580	16.544031	0.002129	7.770151	67
3851.585620	16.387589	0.002122	7.723357	68
3852.634187	31.306286	0.002125	14.731180	69
3853.658752	17.887609	0.002140	8.357041	70
3854.708787	16.912447	0.002140	7.904622	71
3855.734854	17.355068	0.002149	8.075438	72
3856.788910	16.466764	0.002131	7.728457	73
3857.809757	18.252836	0.002130	8.571255	74
3858.865877	16.535019	0.002133	7.752238	75
3859.886246	18.050995	0.002129	8.478589	76
3860.944487	16.974983	0.002135	7.952363	77
3861.965016	16.963066	0.002130	7.964338	78
3863.021052	17.171675	0.002141	8.018806	79
3864.040928	17.462725	0.002153	8.112551	80
3865.097182	17.345661	0.002153	8.057870	81
3866.119249	17.412447	0.002141	8.133093	82
3867.173001	18.101917	0.002126	8.514913	83
3868.197822	16.541996	0.002131	7.761216	84
3869.251814	17.312483	0.002126	8.142691	85
3870.277811	16.781902	0.002130	7.878920	86
3871.328338	17.433031	0.002124	8.207976	87
3872.352356	17.694693	0.002138	8.274551	88
3873.404417	17.508247	0.002131	8.217196	89
3874.430457	17.504793	0.002139	8.184697	90
3875.480508	17.894960	0.002184	8.192733	91
3876.508564	17.364887	0.002179	7.970200	92
3877.556582	18.296295	0.002144	8.533421	93
3878.584552	18.271919	0.002126	8.594164	94
3879.637083	16.641191	0.002121	7.846484	95
3880.665110	16.254940	0.002138	7.602730	96
3881.711183	18.261606	0.002131	8.570166	97
3882.739249	17.064083	0.002142	7.967376	98
3883.791290	17.364632	0.002137	8.124986	99
3884.815836	17.382528	0.002146	8.099572	100
3885.867866	17.647955	0.002132	8.276293	101
3886.891929	18.320667	0.002144	8.543198	102
3887.946400	17.662628	0.002143	8.242852	103
3888.968920	17.460098	0.002150	8.119589	104
3890.026973	16.173504	0.002127	7.604705	105
3891.047000	41.180481	0.002125	19.382170	106
3892.100986	18.395252	0.002147	8.569197	107
3893.123010	17.526932	0.002140	8.188635	108
3894.179634	17.259281	0.002131	8.098022	109
3895.201662	17.043116	0.002139	7.968071	110
3896.257651	16.247593	0.002115	7.681215	111
3897.278211	17.988953	0.002147	8.379963	112
3898.332269	17.086006	0.002130	8.020824	113
3899.354879	18.436243	0.002150	8.575759	114
3900.412902	15.164628	0.002115	7.168422	115
3901.433485	18.213202	0.002131	8.547235	116
3902.485529	16.871069	0.002141	7.879930	117
3903.514086	17.172960	0.002115	8.120734	118
3904.562641	16.405346	0.002123	7.728272	119
3905.591225	17.844503	0.002132	8.368989	120
3906.637278	17.053473	0.002146	7.948280	121
3907.669289	17.304026	0.002113	8.190057	122
3908.715873	16.582500	0.002132	7.776372	123
3909.743898	18.005432	0.002135	8.434473	124
3910.789772	18.157692	0.002133	8.511875	125
3911.822013	17.902039	0.002147	8.336307	126
3912.868102	18.157946	0.002179	8.331964	127
3913.898090	18.427464	0.002127	8.663207	128
3914.944168	18.340900	0.002147	8.541974	129
3915.976240	18.057877	0.002150	8.399966	130
3917.022231	18.143831	0.002144	8.462906	131
3918.056189	16.663557	0.002117	7.873051	132
3919.098725	17.794254	0.002135	8.334510	133
3920.130714	17.882780	0.002137	8.369373	134
3921.177276	17.586119	0.002131	8.253193	135
3922.209262	17.764072	0.002142	8.291669	136
3923.255820	17.067526	0.002166	7.879162	137
3924.285838	17.722946	0.002119	8.363042	138
3925.331847	18.071463	0.002133	8.470855	139
3926.361883	18.284000	0.002150	8.505082	140
3927.407945	17.954981	0.002151	8.345738	141
3928.441959	17.066193	0.002126	8.028291	142
3929.486468	17.243364	0.002125	8.115188	143
3930.517022	18.112106	0.002137	8.474556	144
3931.567567	15.836257	0.002115	7.487348	145
3932.594128	17.762960	0.002124	8.362374	146
3933.642177	17.219597	0.002135	8.065786	147
3934.667973	19.271584	0.002133	9.034641	148
3935.720227	17.127827	0.002122	8.070978	149
3936.744842	18.778973	0.002132	8.806665	150
3937.798874	18.269272	0.002132	8.568203	151
3938.821395	18.705608	0.002142	8.732121	152
3939.877449	16.942673	0.002130	7.955657	153
3940.898038	18.543465	0.002133	8.693872	154
3941.954515	17.780972	0.002139	8.314001	155
3942.975073	18.304104	0.002138	8.560417	156
3944.031090	18.045679	0.002153	8.383544	157
3945.051706	18.242405	0.002131	8.560229	158
3946.109759	17.160391	0.002115	8.112376	159
3947.128340	18.590416	0.002139	8.692553	160
3948.184349	18.657488	0.002154	8.663137	161
